2  90      8 784885989     8 4        4 4    7  84     8 0 8  9   89 4 9 79  8 0
38  0   28  55 2  9   29  91 7  31  90 8      8      483   5   14 962 447 662   
 610  152 196 6 8 5 73    92     8  73 0 6   4  930  6923488563  15  78 6   1   
 0      5 1  3 5  5217 3 5 05 1 9 44677 02  1 9  291 9 7 0 67   2    9   7   744
6   54 3    2  3    1 4 0 18 679 87  5   534  7  9 8 0 64         726    4  2 2 
81  31    147 0  0 76 43 6218   0  3         3 84  3 615   1  96 007    0947 6  
 6    2      1   5      803     98 30    3 35 298   83 5  7    3 625   3 90 12 9
9     86 3       0 3    94350  8   2   6 596 473 2  26   49  8     5    96 9    
072 34 44   6   009  92   832       562    30  97  89     39556 23  8 2 47   695
    5  6916 0    971   1  0     2 7   4 6 10 7   4  82   4  4 639 9 39  4 7 02  
1022    971   1   97  72954 1  2176999 318       1       6      56 8   1  1   98
 1   99335864 73  925  64 6 7   3 523 3    6 09 0 3  3 1 417 0 1     8 7  884 7 
      62 3  1 2 53   9  3 9  11   7399654551 94 94 6    19  8   7 5   4  8 67  4
  511     2    0 7  7     89 6 60   67 2 3      307  68              28   3    8
  23      8    5 523  74 5  8   5      6 7  3 61    3 1 9  3  2   27   56 806   
 02   18  902  3    2     5  4 7 3 1 1    917 6 2    319  3    1455   2    09   
1        7   8 029 2694 77  8665  4  4 1  8 5 5  6 4 1  0    2 4 8        47 1  
 0   2 099 984  9     3  39840  1  4    88  667 90229 74489     19  06  4  67   
9 3    068   69 01  370 63956  5  0 8   05   6  517  460 1   56 46      9  377  
 8 0  4  1040 400 054  555 62  89991 94 4 9 70 3 7 7      4 37   7  59 7   94 94
     8  117  89  2 874 3    5 7 488 352  67           74  2 5 57   1  06 48 6 58
   8 030      7 680  5 9  3 68    4  6 39 0 24 8    7510     9    6   1   66 43 
778 1       546  535 2    25       9 5 2 42  22 0158 97 106  61         648 70  
 89    13  7 6  1 4  7  113424 7 0 0   011 6 4 6 1    7 638   20909818  30      
  2741 09 8 5 9 63  5470  62    63 7 81     845 9  90 2  6 0 2  4  5  84 0 4 92 
 70 52    8 954  46369  04 299 20  8 8896      92  349      2 70 5 8 4    5 528 
4  372693  0    7 8348    2  01 6    2  9 1 15225 4 45 533  702       520 628   
26     4  6 53  9 6  53      41  1    9 404 2822628   9 3    8    27 1  17  98  
 13 01 61698  93 6162      1 9 8  5 6 05  6 0 8      6867  7  0  8  7 2    9 921
  3   8  505  278 90   27042  8   2 7 0 4  895   2 9 6  59     992 2 5  4 4  60 
     18   1 3  5     2           0     6    7  2 8 9 7 8   0 6771 55 2 6 79 3 04
  7   72  6 9 3    2   8 0   6     74   45381    6 9  9 8  1 386  99        6   
0 3 1 5 3      5 00652 68 1  0 8  81     2 2  3 8      42 080 0  50 626998  8  0
  8  4 0        2727  6     7244659  323747    2   9 5  07 21 4 82 07  1   9    
6 8  9677  9    881 403   970       4  2 031  0 313   5065  5  14  4  0     9 5 
  0              554 82  96 0       2    1 3 92  9 6      5   8  2  80 6   98733
1  93 8  15 2    361   7  2 6404 5 534 9  348   2    0 7   4   886  46  8 19  98
0 25    2 5502 95  948      77   5   5    2 53776             8 1 7  253      64
     5 4 36     9 71   68 698  6  95012      8     73 40  855 72188 85 5 6  6 58
 0   646  63744    924 8 2 1 43  94 30   87 12        87 30    66       11   0  
61   31      524  109     0  509    30    8       85 3  8  9   518  1  7   0 74 
  4  815  6 2     4544     5          937191  7     926  80     26 813    8 4  5
 689 79 6 60 560 4 913 3 4375 0   4   9 5 3 87    0 4 21   6  86409  8   7 7  62
5 896  2 5 41 93 0  78  2     2  3 734    0 8  04 281 995    963   730 16  3    
 2  2 6 9  6  06 6 31 8    8  19   09 65 31  2 9    74 0  7 6  338    66 29 12 5
  12 9 719 2 686501   14 3  8  09   156  3  7 9    9 694 0 6 2  958 3   59370 8 
  18 68    489 8     1 73  6  26 43     1  90 00  5 4  95   07     36 2   7  2  
43 1   791 84 5 82 4 51 9    3  1 0 79     04 6  3        28    8 44     2  87  
 5   4  1  520 9   10   6 52    37686  59 2  6   755 2 35   2  30 4 0   8    8 5
0   02   5 44 3  3 9 95  4  9   6 12     99 69    9 0473 6 65  3 68 260  16   9 
3 1   4 34        29 7   4 4 91  6  9 8 23502     5 8 37 62 5 98     0 7    2  7
 3  5 8  2   6805   4 4       7 6 3   5 67 8   67 3555 5693 29 7 33 2 7  8    6 
 3    3   6 5  4 6 5 8 3  4 9         8   2         9 4809 2 43 2   3 2    0 93 
   8      25   5 6 3 22 9 61130  8210   4   15          2274 6 2 807 44 7 2 122 
340 3  4      2    259  0    65 4   230193   4  4494936 9 260  9 8   418  3 5  1
1   3 6 3  4  5      0   45 23  9235  90 4  30 4  0    5       78 60  351511575 
7  428    22  6  61         48  3  56 5 339         2 37   6 7 028  209384   1  
0  86  4 7854  984   2 4   0 1     60 5  12   7 63709  73780 6 7725    009      
    36 1 3 4 7      14 23   33 8044 091  1 7  4  2     8 7 414 3   3  8 5 11 58 
    66   62    7 2  3  24 7     060 78429 30    74  803    1  31661     707 8755
