 0   0 11    11    1 01  10 0  10    0 00    0     10011  1    0  001     0    0
 0    0  0        11         1   1  10  1 1       0    1       10 0   0 001 1 01
 0 010  1 100  0 0      100  0  00  100          01   1  1 1 000  1  1  0 1 1  0
     1    1  0  0   1 0 11     0  100 0  1 0    1 10 1   0    1       0      10 
  0       1100   1 01   1    1000 1 1 0 01 0     0  0 01     1   1  0    01   1 
 1   1 0   1     1  011 0  000  000 1  00 1  1011  1     1  1111   00 0110 1    
0 1  0   0  01   0001 1      0     1    0   1 0  0 10   0 0     111        0   0
          10 10  0  0  0 0010 0       0 1 1  11    01  010   1 1  0    0    1 0 
 11  11 01101   00 0 01 1 0 000101 1    1   11 0   0    0 1 0     11 1    0     
1    11 0      0 1 0 0110 0  00 0  1  00        1   1   1 1  0          000 11 1
  0  0 0  0 111        0 00  1    0     11110 000  1        1 01  000    1010   
 01   11     0       1 011   1  01 1 0  1      1      1 1  1 00  1  110 10  10 1
0 100 0         0 10      0   0 11     1     0  0  0            0    10   10    
 10  0  0 1           0     0  1   001 0 0        1    0      0  1  1   00 0    
 1 10    0      10 10    010  0        0         0 1   0 1   11 1             0 
0 11  0 1  10            0  1  1 110    0   0 1   1  0 0    10   10  1 1 1   01 
      1   10  1   100        110  0   1000    0    1  00  100  101  1 1  00001  
0  0111 11 1 10 0   0            1  0   1 0     0    0 0  0  1           00     
    0 1 1 0        0   01     0                    0     1000    110  01 100    
11 0  011        1 1   1 0     00   1 010 0 000  0 0       00     0  0  111 1   
11 0 1    1  00     1  1   0         1 11   01 0 0   1   11      11 0       0 0 
 1    0          1    0 11     1    0 10 10  1      11   1   0  1  0 1   01   0 
111100 0 0 000 1 1       1  110 00 1 010 0  1 11     0    0  0    01  01   11 11
    1 1           1  10  0  0     0 1   0       10 1  0       1           01  1 
 1    1 1      0      1       1    1 1     1   0    0  0     1  1   1  00    1 1
     0  00     1 1 0  10 0  1           0  1    1  1 11 0 1      0       11   0 
  1   10 10         0 1  0 0  0 0 1010    1    01   01   0      0110         10 
  10   1  0  1   01    0  1  0  011        1    1        1      1  0    0 01    
1  0 01   0    10   1           1 0 1   1    1 1  0 1   1 0   00 1 1  1  001 11 
 0 10     1 1     0 00  1   1   1     0 1   0    1      1  0 0 11  1   00  0 1  
 11        0    0       01    0  0      000 00     0  0               00    01 0
    0  10   000  0  11 0 11    000 10    0   0 11   1 1            0   01100 11 
110     0    1        0 1 0  1  000      1  00     1  0    0 1       1 1001 0  1
    0    1              1     0 1 11          10 0     1  0 1 1 1  1     0   0  
 00    10 0  0 1      0 11    1            1   0   0   0     0 11   01 0  0 1   
       1    1  1  111   0   0      00 0     0111 1 0   1 0      0   0 11 1      
  0 11 0  1  0      01      0 11   1   0 01      1 0    0 0   1   0       1    1
1 00  0 0  00110 10     1  0     01      01      0 0  11      0  10 0 0 1 11  1 
 11    1      1 00  0   1     1     1   1 10 111      01     00 10000    1  00  
01     01  11        1   1 1  1 0 0 101  1     1      1    1  0 01 11    011    
       1100                 10     0 1  0  0     0   1  11     0001 11     0    
 0   01             1  00  0    1  11  0    1    01  1  0 000 1      0   1      
  10 1 1   1  1   1 000      10 0  1         1  10    1 0     010 1     1   100 
0 0   0  111  0           11 10   0 0 1          1     1          00        10 0
      0  010     0  1    0       1  10 10    1   0   1   1 11  1    1 1 010    1
 000   1 1   100     0  1    11  1   01    0 0   0    100   0    1100  1      00
0  0 001  01  1 1  11  0     10       1  11  0 10    1            100  10 0  1 0
     11  1 0   0 00 0    0011           011   0 1           0 11     11     01  
 1  00 1  00101   1     1    11 1 1   0       10 0      001   110 1  0 101 1 0  
0       1 011 10     10     0     01 0  1      0  1           1     11     1  1 
 1 111 11       0        00       1     0    01   01 110   1           1    1   
   0  11           1 10             01101 10   1  0 0 01         1  0      0010 
  0    00  0     1  11  11    1    11 11100     0   11 10  1  01         1 0    
    01  0   1   0     1    10       111 0         0 1 11110 0 0  0  1 10     00 
         01   1    1  110   0 1 0    0 1    0    0    0  111 0 0111 1  1        
      0 0  0    1 0 1    0  0 11  01     1 01 1   0 11 1  1            01 0   1 
0    1   11       0  0   1  1 1      1    11     1       0  1  0     0    10  1 
00   1 001   1 1 1   1 1    1      10    11  1  0    0 0 0 1     1  1  00   0   
 0            0 010   0  0   1    01  01 0 1 01      1  1  1  0 0  1   10   00  
   11      01    01   0     10 00  0000      1   1      0       11 1    00      
