   0 1         1  1             0    0   1 0 01      0   0 1      0       0 1   
   1  0 1    1                            1 0    1    0 0  0  0       1 1   1   
    001 0        1     0       1    0    1111      0  1 0     10   1 1          
   00                 00 0   0 0 0     0 1      0  0   0    1    1     0      0 
  001      0  1  00    11        1 0  10 10  0        0  1            0 1 1 0   
   11      1  1      0  0        1  0   1      10  0    1         0  01 1  101 0
      1  1 0  11 0       0    01  1    0   10 0        0            0 0    0    
0  1 1  00  0   00    1  1        1                    1     1   0      1   1   
 0     111  01 1  0         0 10  1 1    0 01 110   1    0       00 1     0   0 
     0        0          1    1  10            0        0  0    00   0  1     0 
 1                  1    1                    1     1    0      11 101       01 
  1    1 11 0  0                          1      1    1   0   1   1  0   0    1 
      0      0     10       10          11                     1    1   1  0    
              1        1 1  00    0 10         1         1101   1   1  1        
 1       1  01 1  0  0       0     1     1      00  0 1  01  11        1       1
  01  0 1   01 0 1        0 0 1     1    1       0 0  0  0          01          
                   0     1 1        11             011 1  1   1         1       
     1 1                 0    1    00   0  1  0              0    0   0   1  0  
   10    1     1     0     1    0 1   010    0   01  0        10 1              
1  0        1   10        1       1                    1  0    1 0      0 1     
1  10          1 0  01   1     1   10  0    0 0       0   0    0          0   0 
   0 1     0  0    1    111  0 0   0  1  1   0010        0 1    0  01     0 1  0
010   0   0  1  1     0   11   1 01 1            0       0       0              
0      0 0    1        10 1      1  1       00                0  0     00   1   
            1       1   0 0    0  1     0          1   01 00  1 11 0    0  010  
     01          1    1  1    0         1 0    0    1 0     1   0        1      
      1          1    00        0      0  1   0              1 1  1     1       
      1   1    1   0      0                     01  11  1  11        0 1 1    1 
      0       0  1  0 01  0 0  1 001       1 0 1 10    0 0   1   1     0  01    
 1 1     0  111  0              1      101         0       1 1 10    10    1   1
         1             0   1 0      0    1       0        1           11 00    1
       1    1 1 00  1                       1 0  00   11        1     1      1 1
1  1   0 0                     0  1  0      1    11    1 10  1 0  1    0    1   
     0  1        1 0 01       1   0 1   1 10 0   1             00   0       0  1
                1    1   0        1  1          1     1 1 00            11      
1  1     1 0 00      0 1  0 1    0110 0     0  1  0  0   01 0     0   01  0     
0 1           0   01  111 0 0 11           1     1    1     1    1    00     01 
01     1         1  1 0   1      1   01     11 1    1 0 0  1 1      0    0      
  11     1       0    11  00    1   0  1110         1    0      11  1  1 1   1  
        0 1011    1  11   1     1        0       0 0                     0 1    
0 1  1             1    0  10     0   1  0  1 10    0  1        0  1 1  0  0 0  
    0      1    0       00 1 0 1            0                 0     1   111     
             0 0  0   0     0  10   1                     11     0  1    01     
 1          001     01     0 1                   0       1         0 01     0 0 
      1 1  1   0        1             1       11   01   0           0           
1          1101 1              11  0    0          0            11           1 1
0  01       1            1 1      0         1            0 0  0      11      0  
  01 1      1       1  0  0  0 1    0       1  0   1   1 0       1              
 0  1  0      011          0  0               00  1     1                11  1  
   0   0      0   0 0   1 10 1 0   110           1   0 0      1     0   0   1   
  11             1       01  0 1 1  010                      0  01    0         
  0 1   000  1    0    10      1 0101     0     0010  0                0  10    
   0010 1 1   1   01  0 0           110 1      0 0  10     0 0          0  1   1
 0     011 1    10        01  00  1 1    0   0             0 11 0    1 1     000
  0                     10                1                111          00   1 1
   11  0          1 1    00                     1        0  1    1    0  1      
10   1             00    1   0  1       1 0 101       0 1   01  0    1   00  0  
0   11     1   0            1                 1   1   1   11 1           1      
11      1     1  0  1   0 1  0  0 0      0   1 00     0       1  0       0     1
  00    1     1000    1         0     1    1    0           1  0   00  0   1  0 
