 00        1 1   1 1  0 11      011   00 1  1   0 1 00     1     1 1      1 1   
    0  0 0   0     0 11     1      0 0     1     1  110    0 1  01   10 00    1 
101  0 1                 1 1 0        1 1 00 1   0 11001  1  0 1 1   0 0   0  0 
  00          0    01      110 0    0 01 1    1   0 1  0 0  0 1  1   01 1   01  
 0    1 10 00101   10  0  0  0 0 1   00   001       0      0   1        111 010 
     00       0    1 0 0 0  1 0000   01  1 11   1 0   1   10 110     01 0  0  11
11     00   1 1 1 00 0 10 1  1      1 11 1        1         1 0      1 0 0  0   
    10110      0          1 11 000 0  0  0   0  1 1  111 0  01  1 0  1 111    10
0  010    1 1    0     11    0  1          1 01   1  1 10 1 10 0   1      1  0  
               1  1 1     1    0   00 01 1  111  0  0   10  0    0      11 0    
    1    1  1    0  10      111       00  1 0      111000        1   10 0 0 1   
    0 0   0     0    1     01      1       1 1     0     1  1 00    1 1 1111  1 
0     0  1 01 11         0 10  1   0  1   1 0   11   0    00110 0    1   10 0   
    0 0 1  1     10 01 0   101 10 0 1  1 110 11   1 0        101       0   1  01
  01   001 0001     110  0   0     0    0  00    0  0 01   1 0   010       1   1
 00011 0    10   0  1    100 0 0  1 0000  100 0  111   1   0  00 1 0 1   01 10  
  0  0    11  1  0 01  111  0 01  0          0  1 1    0     1  0  00 1  100   1
0 1  0  1 1    1  10  00      10       0   0 0 1  1  1          1    1 1 1      
 110    10      1   0  1 1 00001 00  1      1 0  1100 1    11   0011 0    1    0
   0  1     0    0        1 0  011          10       0 10    1     0011 0 1   1 
 1 0110      0 1 0 1 1          10 11  11  0  0 10  1   0 0110         1111    0
 0 11  0 1  000 1 0  11       0  10         0  11 1  1   0   1 0 0              
   001   111     0  10  1 1  0000   00  0  1 11     1  01011100  100     10001  
 1011  1   101  1  0 0 1   0  1000      1     0     1    01     11      1 1   0 
0     0 0  1 0 00    0   100      0  1            110 1       1  0  0   1 10 0 1
 0 1  00   01  0  0 1 0 0  1  0 0 1001 1 0 0   0 01        0 1 0 01         1000
   0    100     1  0  1111     11 010              1 0   0 10  001  11  10 1    
 1     0110     1    1 1      11  111  1  1 0   01 0            0     1   01001 
10  0 1  1  1 1 1 1 1     10    1 1 1 11000           0 0 000   00    0    0  0 
 10   01 10 01111    11 1    00 00 0 10  1 1 01   001         00  00      01 10 
    100  0  1 11 0 0  0  00   0 1 0 0 1 0  0 1       1 1     111 11101          
  0  0  0    0 0   0   0  1             10   1    1   0 1 00     01001     0 01 
00 0    010  0       01  1      000 0     1  1  1 0 1    0 110  0  1  01       0
         10100   0     1 1    1           00 1 101110  1  0 1 01     1          
  110     1 1   000     11   11      000 0 0 1     1 11    1  11001 11 10     0 
  1     1010  1  0   1   0     1    0 00  0 0 11   11 1  1  1 0 0 11 1001  1  1 
 110 10                0  000      00  0  1011 101  1      11 1   1    0 0  1   
 1     1   11 0      0 000 1 0  0       0  0 0 1 010   0  0       1    1 1  1 11
 1 00  1 111   1     0 10    1 0 0 1010 111   1 10 00   101     0        0      
 0  1  1   011     0 10  0 1 011    0111 0          1  100  1    1  1   1     00
 01     0   0       1      0   0 0 1  1           1        0 0  111     010 01  
  0  10100   1    0   0    1  1      1   1     0    1 0 1     1  11    1   1 0 0
0     1 0 11 0110   001 001  1 10  0 0  1   11110     00 10   0   1   01   1 00 
1 0  001             0  1     0    1  1    11  01 1    0  01 1     0  11    00 1
    0101  1 110      0 1              11   0 0 1  10 01 1  0 0   1   00  0  110 
0 011   001 11  0  0   0      011 1     01   11  0 0       1         011 1 11 00
 1  0   1  0  00  1 01       10   0 10  00  0 1110  0   0 0    0   100 10  1 1 1
 1    1   01    1         0 1000  0 1 0101    0     0 1    0 11 1000   0      1 
0  1  0 1  1    0  1 11 0     1 01 011          0     1  0     1 1    00  0 000 
 0    1 0 1  0    0  1  0 010 0      01   0  00   00   10      0  0 1       000 
01   0 1     10     000      00  0   1 1   10 0 111  00   0 10   1          11 1
1  1 10    01 1 1  1  01 011         10 1 0  0 001 11 1 1     000     0  01  11 
   00   0 0       0   0    1 0   01  1  100001  00  1    0          1  1 1   1 1
   1 0010 10 0 11   0   11  1 0    1  1   01  01    1    00  1 1    0      0    
       0 1   111 10 110 01    1  1 1        00     01 1 0  0 1   00 0010  11  1 
 0     00  1 1 1        1     0 1    0        1  1  1     0 1   00  0110  0  0 0
  0  0         1  1  00  11 11011 0    00 0 001       1  1     01   0 1  1      
   10  101  0   0111 1  0 1 0   10    0 100      01 0      0  1  00 1 0   1 11 0
      11 100   101    010    10  10   10      0     1 10        000 1  0 1      
 0   0    01    0 1 0 00  0    0010     000  1    0            0 0 00   1      0
