     3 6 51  1    4    4         2 57      0 7      97 4864 16 2       7     1  
 230  5 2 9     7   5 3  35  4     32    4        57  6     384   6         3   
 1      1 7        8      2   8 5       9          8 7     7    0         93    
411  2   23   94     3 6   9       9          4       8          07  8 8  3     
 2 0    3         4   44             95 87      81    5 150 9 037      7       4
2      2     9    6   0       340  1                                  1       65
                     937   6     82   2 1  8       43  4       7       7       3
  0 2   1   9  6    7          7   4    1    0       7       5 7   1     7  7   
    67         933            8  2 6        4 2      6  7            5 643     4
   6     6  7 8           4     59 1 0     4      6   01        9      6        
    7   9       36  0  2       4   5  9554  6          6  2   18             0  
  1   1 58  32    0     9655 39        1  7     3  1        7 8  9 9           7
  4  7    9 6            6   3       7       9   2   9  353    3   63      70   
        8          8          4   3 1        4 8  8      9   1        1   37    
  23                 6          2   3    2    1   5                            8
 2            0   1 8     53   8     68      5           7                   8  
4          75 10 63  9   3               1    6                  5     2      7 
2      1   85                     2       8 4           6             23    3  5
      6      4      6   1 1  7 7 4               5            6 703 5   5     9 
2      5     6 70    7 91    8           5          035        2   1           6
 5 6  03  2     251 9  40       6 0      3 0   1    7           3    3   089    
   3               865 946 4  9   8    9 7              8       8    2  1    8  
 8   5    1 5  2    366          5          8     7  2             68     0 6  5
   5   9                 9 2         03       7 5      2  4   1   8   7  3     7
 3     1 02             9  3  4       55          75  1      7    6             
         0       9     277   9        9  8 1   36   6 3  8 8   9           0  6 
         5    1                    8 8     0   9   5   0          6      4 1  1 
       3 0                  3          0       8  3  9             35       0   
                                  0        3          47 7  56 1       40  1  6 
     7      2 4   4 1    397            8 7    341 86 3 3    2   8              
  0        8 6    6   6       3 72     5 1 2  6         9  4     9      9       
      7             9              9     8     6    0 3            8 9     0    
     2  5            1  8  92             55   4               2      0  8  7   
  9  9     0      3            0      3              9 6 52  2   9       4      
       03      7 5            4   1             6    0 6         0    1     5   
                 6       6  7 5706    7     92    127              5            
      9                 6   1     10 7        5               8       6  4   89 
  4   79  5  6 9    6  9   18   2       6                4    2 9 1         4   
         4 1       1 2           8   5          5                 29            
      264    1   2           9            1       2     12 2         7    8     
     2   4 8 0 7    9      983    6   8    3   1         2 03   4 3 3   5     3 
      7      6        4   7  262      28      8 33  4  6    2          9     4  
         5      829  1    393 8    1               7      750           51      
      9   9      43    1  1 6   3   1 863                  6  6        8 7   5  
  3      08            0  1  1          0    7      1            9   49    2  6 
              0 41    33      8 6 81 9  30  3     2     0 2    8    4   8       
 0   110  6     4   4            6          5    4      2     1    3        5   
6             8                7   35   6     89 3 2    0 79 7               0  
  4     0 945           2      9  48        7    4 15                  2    0 2 
 60    0       0  3      2    1               8 8     4                      7  
                4 4          2  7   7                       6  3    3 6         
0         9         0 77   3   9       6                        9       9 3     
           5      7   4   6              4              6   5 7    5  2         
   2       3             2   8   3        4       1  0    1    7     2         0
   0       9   8          0            4   3      95              5  7       1 7
 9   30      6    2   71    1      2    2 6    0            1 0 8               
         30                 8    2       6         1   2 9   9 9              3 
  8 0 5    4   6   6  7        0          1     4    9         2        0     6 
                1            9  292710  0 8     5      4 1      6    29  6      
2   9       1       4           3      91       9   4      8           4        
