   5      9           8 3  6              5 2  7   1 5 82  4  417        64     
  8 5 486  0 1    4  66 9  8  0     4   3          0 9    8  6  3   0 8  6      
    80          36  7        5   8    0 1 2     2     2   7  1       0 1        
  7       8    3  6 2  4         73             17    81    7   0        53 5   
     9        8 0  6    868 7      9 4 7   7     89 7 07  7 4 3   7   5 9 98    
2 2     0   8 76   1  5 696 5 0    76 06 8  1  4  0      3      7            29 
10     2    9     9   4     98   250    1      5  7302     2 2  7 1   0 1  1    
92    8     4   0    5      527   0   68  8           2 45     703   9     4    
 7 2      9    2 4        2  6  3     13        8             8  48874 6     3  
   0   43 3  1      7 5  4   7          15 3    7 59 63  4    8     18    9     
 7     4  82   0 0      0        59 7   6 3                 8       8 6     2 04
      0      91 17 1  3  6            3   7 5 3       6 4  1 7   3 0 8 81   222 
   5   1    4    2   4  9 0 16     4         79  33082         98    3 9       3
   584     7    6   3675   622 10    9  2           8        3  7     7    2  8 
      8  2 6     12 60 5   7  0  2 27         8  0 0   2     7    8     4     7 
4  2  60  6798  8      3  4 80   9    1         0 63   5    8     83          4 
27 2    7       7    3522  6      9    2   5     364  1 243    17      22       
 5              48042  4     9      2     0  33     57  3  8   6203  3      6   
  8  0  0      21 0   51  1    5  4  3   9 2     500     73        2  46  0 3   
9 9          86     3    1    8         3            7     2   5     91   244  1
     2   7  2   0       1   4    242        1   4   5  3 9       6   5423 22 5  
    2 3   8               9        8   6080 0 65             7    013  1  8  507
 6  5 8    60     35 0 6    68 2 15 6   0   4  21     3      2    15  616 7     
 8  9   21     4      04   6   5  9   0         7   1     90    5 495 1  8  2   
  6 97 0   9    93  9 5 5   9 8         3   1     2 9  3  3   1  8      7 0     
9     405     3 5   0 0  9               6 9 7 6   9         3            0 98  
  188   9       2      6 4  0 6 670   2 7 08 05   97      5 0        1 3     3 2
  4    3           6   1   7     46  82   3 9   01     21 6     5       5  0 2  
8  65      0  03      24    56       2  973 7      1 7   86     89    6   3  77 
 74 9  7   3     5 8       6  32203 338       58       7       63 0    6  4716  
   7   7  5   5832       46           6 4  9    6 0    1 23 5        38      1  
 9 5      3    2   3     7  8           0   3      6  4            8 4   0  6   
  6     9            6    20 4   95 6    0   7 5      6   7    73       4 8   32
1 4 53     3   00332    5   5   229      2  6   0  1   9  9 4  0       5 6   6  
  049     75954       0  8 4               88      37        8 51       39 1    
 6 9               11  3        5      7    3 0 817     3 2   2 5  9     6  0   
     1        06               2      7   6       1    8  409        6  9 0   3 
7 08 6  43         0     09         9                 5       6 95   7 005  7   
0    4            55        95  53 4           4       1       77    5  1     0 
  2 3 8 3 6   30   8529  3  6       1   7 16 2  5 5     7               1      9
9        8    4  71  9   8 3   023   0 8  5        6    060 3   07    52        
 7    4 2          0   594   89    46  10  94    0   9      5   5 9   4         
4         5  9    8 4     5      1  1  7 763   4      9 7  6       8 272 6 4    
    4 4   00 1 4       2    1  06            0            45  4  6   881  66  7 
         81 3          5 5     8 2 5 3   8   3  4  2   4 6    4   6 4  5 18     
104   2   8  8                0    9     47 8   0  0405 4        3  3 3  8167895
  4 8   3     0    8    33   7 763  4   3      48    4 0    2 6  8      5   9 5 
 69 7     7     0 48 5 3      68          9 7              9      4         71 6
7 9       6 7 5     74      57    8  7     8          5 84    4 86 3  7  8 50   
  1 4        5          1     9   6 0    4 0   6 21  6  8 1  0   3121  5     98 
   4  5   1   5     7     1   6    9  1    29        8   6    8 85  5   4      9
              3 4  5   51       5  3  4   1 3   189 90             7       0 9  
8 7   2    6 61 27   4 2 6 4 7      2  16        4     7      92    39 3   6    
        8        6     40 8     3  1   5  0 7 90 3     90       2           1 14
     9    59     79       8 00      63 13        5    45 9    35   1 19 99      
 6   5      9        96 1 4  1      1    7 2  8   47 8 8  5  8  0     93  826   
    54   8   51  10   140 391       35 2      8 7      8 793 86     4    4   484
    0  7     5     3               2          3  8 2 842   20  1          0     
 3   2     664 4   88 5 2    0254 1      4 0  7 981  0      1 9    0  21  5   9 
 1 64      1  71      534              8  9   8 76 7   3      0  5      1  519  
