   981 07   9 98   6 08 49 70     34 65  1244 49 0             787     4        
6    64       15   0  39  189506595   6        768   62  4 7    257  89     4   
3 2   9 18 384  16         76 4  91  312             9  5     6   0   60       2
    36      187   091 1 8 3   7  2  48     20  4 0  5 4  4   4 2 60   1507      
    5 9        1  88   4  0          2  3 6 2  2 0         0   8  2     18 0 6  
  3    7    4 3    1 7      2  8  2  5 6 3 0 3   2   3 40    33    444 4      4 
  2     95    03         6 4    0352 4  6  09      7 20       8 5   2       48  
    2    99     6 8     7   2 8  48 5    0  0 2   5   11    4  5   1  737   6  3
8   0   583 62  7   5 6 45 1 52         2  261 2      0 1  6   6  834 33    1  1
  1   527 87     63  7    067       3246 0540  99 6 97    67 11  6           994
0        2        6  0     59 48  47    2 20           0 3 57 02  9 5   9   1 7 
 9   2 7            7 6     6   5 10 3  9 34      8       0   2   52      3 4  8
  70 96 0 3         3        5 3      8   0 96        8  0 1         61 9 931 36
  31 9 81 3 4 9  2 1   5   4   9 2 8           2   5     08  6 0  0435  0   8 8 
    81    6     9    4      5    64     5  55      0 4  5   7  3    06  5       
 6    4    1   10 62 2     2     9 5 0      6  195   4   857   6 3  50 1 8 3   8
2510 31 9 9 4   3     1      7     2 19 3     8 32 9  2   9 2 243    028    6  7
2 38878   52 68   2 4  6  1 5 49 0   2   87    41 655      56   64  12 3 6   5  
03 4   62 2    51     6    6     3    939250 61 81 44420    3  5  1 893 57 5   9
         8  8580 5 68   8 4 9              993   9 9 6    8   0  7 7      2   40
 82    4  77 77 1 8  0  079   6       7 8     123            1         8    2  2
  2340 7 4 5    54 0   668      0   585    81  4 18 60 19      17    3 3 2 8  74
       5    4 45   95 7 2    653 592         525 6  08   9 0      3   4  17     
 32  0     6     32    06 339 8  47    1 4 8 2   61 1     1 7328  5  8  5    876
    4 7   565 8533 5238     285 7  3     6   3     6 7 1 9  2   9 322       2838
8  6 5 40              9 2 88     89        7  6 2 5 7 3 2014   1 9868 9    8491
977          8   2   6 1     20    3 34  3 72       1  9  6     0  6  7 3    2  
  23 1 256  9  54  4 16 4 4  510          7  10   7  958    0 471 9  8 13074   1
   930     3   34 9   12  925 0    1 5 2      51 1 5 3  6811  0        7 5      
    26 339        83  6   3 0  6    7     82      46   8500 2   8  6 4 3541  8 3
  6  5 4  1    2   546 0    23     550  40    9116 5  32  1  5 4    280 24   6  
    7    6     8 45 0 2   539  1820   4 9      4  01  1   7  6547          7   5
 0  6    90            8   2       2 2   1 2   6   7              2  3 53 1     
    5 8684  8        8  1   2   0     8   6   31 1    3   4   9  66 405  6   2  
546 2    6  9  70  9       1   0 17  3         9 10 39      1  791  658      4  
2 0    20          0  2  83 75  6  2   54  15 7        8 4      2   1 3   7    2
66     8  99    6636 1 8   8  0 168 47         47    4   5 09 7  6 01   5   9   
  1   5  08  0  8    0  080 9 118   1 2   07 9  4  18 8   080  5 99     6 05    
      7  4    060 4  3   3  48   31  6 5 8 82 38 4 1   4 8   6495       8   2 37
 2 8    5        68 5 2   7089 8      3  3  03    1   08       8159  0    4    3
92   9      1    40      410  3  96    93  64    8 1 4 68       6  757 4 3  51 1
7   8      6   0 9  6  1    2  85    0      57 226        2  8 0354      9  60  
     763   7 4   4 7   2    4  8 8    7 0  1   9    5  91  3  62      6  3 7 29 
6     0 3  1 82774  37 1 6      0343 3       67 4  25 38  8        6 2   387   8
  5       8 6  8   0   0      042 57    3  64 0   391892        17 20   99 4 431
89   7  5 9  3   84       07 41 7 8 2   42 1 9  96 8 1    70     9  3  4  5 2 71
 3 7  7  86   3    9 8                  31  2 272  4  6    05  7   8 532  5 7  9
79 3 9 22891898      7 3 7 97  41     143 7   6 5 2 6 850  5 69  6 4 0         8
 25     5 14   0   97 8 9    0        28 7 3295   6  80 23 91     97 8  7 1 5 8 
092  6   8   0 96 2  63 9   9   5     0  8     8       37    0   42 4  0  3    0
 4  6 47  5   6  47    0 21 8         2  12   11  8         25  4311 7 3    2 5 
8  6  0       4  3 0    4      4  03     14 8  2     07    1764   0 1  69  936 2
10    4  5    1     3   6 7    7   9   5          6    6      29 7     0    5  8
1 3714     88      6   2   6   870   1  22  0      0    381223 2  6  3       946
 8  3357   0           1        0   2 1  8 09   2    3    0   21 6        2 1   
 569    0 957 6 92 0 884  2 68  1       7          4 7680758 1      64     2  9 
    19   8 5   4   5         9  614   3 9 8 46  6    6 9  1    98 3   2    6 3 1
      0 20     6  41  246 7  7      76    7  8  8     7 1   595  7   8 903      
   8      21 8     97  67 1 3   6   4   66    15  7    10    8 20   2 5  0800 16
 8   7     0  16 2    6  54680  5  3      8   1987 4  9 7  6     6 96     5     
