 11011       0   0 0 1  1 1      110 000  01 1  1       11     1  1    0101 1  0
1 1  0   1   1 00 0  0 0     01      01       11   0  10 00 0  01   01  10 0 010
0  0 01  0       0  00110 1      1010    00  1           1     10  11     0  0 0
0   11       1  1    0  0 10 0     00111 1  0   1101 0 0  1 1   0   0 1         
0  11     0      1 0    0            1 1   1 1 11 0        0     001  0 0   0 1 
0  0  0 0  1 1 11 0     1 01  1   0         10   101   011   00   1   00 0 1011 
  0   0 0      1     00  1    0 0    1 1 0 1010  1 01 0   11  1 11      0      1
                 0  01  0       10  1 0    0 1     0   1    10   00   1  10  010
1011   0     01  10 1 0  00  1      01  01 1 0 0  0  0 100  1  0 1 101   0      
   0 110       0010   0    1  0 11 0    00  1 1 10      0 1      10 01    0  0 0
 0  00 1 11  00   0 01 0   0   10 1         0 0 0  10         0   10  0  10 0 0 
  11 1      0       0 0  1 1 1 0 1 0111  0100 0 1     1    0    10          01 1
0 0  10  0  0 1  11 1  1 0    11 10 0101      11 11   0    0     1 1  11  1  00 
010     1 10         1  1      0 1   01 0   1 01  1 00   01   0   1         000 
 0 0 0  00 0      101   1    0          10 01 01   1  01    01  0  00  0 011 1  
1  0        1 10      0  000       0  10      0   1 1    001   0 0  11     0    
0110  1 0    001 0   0 1    01111  0  1        1  0 0001   00 00   0 00  1  00  
  00100     1    0 1    1 11   1  0       1 1 100 0 11     1  0 10  001 0 1  0 1
11 100 0 10       11  0 1 1111 0   010    0   1       1 00 01 1     0 0 1 0 1100
          0   11 00  110  1 1  00010   01 1  1 10 1     0    1   1  1 0 1 0 1101
 1 0   1  0      1  0       10   10    101 10     1   000  0      0 1    0 0101 
  01   0    110   1 1  1 1     10 11 1 01  0  1 0      00100 01     00   10 1  0
      0     0    0 0  0  0   00 1  1 01  0010   1  0   01 0 110 11 101      11  
   0         0 0  1 1 0       01    1  1 0 0              11     1    11  11 11 
00    01         0    0 0  1 00  0  11  00  1 1 1  1  00   1  1 011 1 0   1  0 0
 00 0  11001011    1  1 1       11      00  0  10     100    101  1   0   0   0 
 0    0 11  0 01 0  0  1  0 0  11 0000        0 1 1 11  1  0   1 0 1110    0111 
 1  0 0      0001110    10  00      1 0   0 1 1 00 11  11  0     00    10  1   1
010    1110 0   0 00     1  11 1  001   1 1   11 01     0   11   01   1 011 111 
    1   0 0    01   0    101     11 01  0      0    1  10        0       001 0  
  1     1     10   1 0       10     1     00    0    1 1           01   1      1
  000 0 1 00   0   0   101  0      1    0  0   0 0    0       00        00  10 0
0      00      0 0 1 1       001  0  0 01 1  1 10    1     1   0  1 1 1101      
    1 010 1 0     1111     1  0 10         00  01 10 1     10  1     1110     10
  1  0 0 1 01   0 1101      1   11 11    1  0        0 0 1    1    1 0 1  0010  
 10 0  1  1 0  0   1   1   1   11    0  110  1    0001   1   1 0 0     1     0  
  0   0     1 1     1 0   0       0  0  0  00 101     1  00   0 00      0    100
    0 0   0  100   010011 0 1 0      011101  1   1   1    1     1 0 01 100  1  0
1 1 1 0  0000 0    001  0         101             1   1   1  1 0 1 101 00   1   
0 0  1 1 0  0 1 00   00 1  000     1 1 1 0 1 01  0  1   00  11  1      001     1
   1 0 0101 0      0  1 0 1 1   01    11  00   1 11001  0  0    1 1    1       0
   1   0   11 0111 1    010           1    11010      1  01   01  11 1       1  
1   1    10 001 0 10  1   1 00 0 1 1 010        10   0  0  10011 1     11 0     
   0 0  0100 0  0   0         1     00     0 0    111  0 01  1  110001   10   10
111            001 11         01 0   1    11      0 10110 000        0   0     0
  10  01 0      0 001         0  1 1 0    1 01 1  00  0 1 010 01    000  111  1 
0  01     00 110101  0   0    0   1  00 0 1  1   0  001 00             11     01
0 1   1101 1   0   1110 110   10  10  0      1        0    0  0 01 0  0   00    
  111 1  11  0  00   1   1 01  11  010   1101           1 10    0     0  1 0 11 
 0 100 0   0  1   1         0 10     0  10  11 1  1       0 0   111           11
00  0  0      101   100  0    1    0 0  0      1    0          0 0     0   001  
  01 1  000101 11010   1   0 0       01  0     1         10 01 0  00   1   0 0 0
0      0 0 0      0  00   001   0     1  0 1     00100000 0 1    10  1 110001   
01      1  0  0  00  0    11     1   0         0    1     0   00 0   0 0  01    
  1 1  11 0         1      0100    0 0  1    1 0    1 00 0 1     1    0     10 1
  1    1  1 1 0 111     1  0 00   1          1   11 000 01   01    0 110  100   
 0  1     11  0   01    1 1  110 0 1  100    1  1       11 00  101   110110 0   
 0 0    1 111  0   1 0  1  0 0     0   0      11   1 11  10      11 0  110 10  0
1    001  1 111  00  11         1  10 0 0      011  1 01    01 1  1101000 1 0   
 0    0  0  1 00 1 01 01 0   01 0 1 00  0           10 11   1   00   0 1 1  10  
