  6 9         9       214      2 66    4      2              2         9 77  44 
3       3    83    7  1     97       8 8    9 9  6 9             95  6          
 42        3   86      5  85   7 6     27            02  18   1  6              
4   3  88 5      9                           9   1    0   5 360    9    9       
    79                 8   0    7     98   1 945        2 1         3     1     
 2  6  36  1            07  3  60      7         8 4 8 764 4       8         6 7
  7 9 6  7      2 5      7          7     48           2       273 0            
        22    14   5   0  52       3 0 7      6  2       1  3    2 4      2     
             4 0           4           1   3  6   31                 8  43      
      7              9        8   2           3         5     7   16           7
  9  7   86           05  87    1         0 1    5     2                   49  3
           05      06             2     3    7  2     6   6 5  0       5      2 
 0 8  6             9 0 247   7   35  0  2 24       0  42   07    2     2       
8             6  5 2      910      5  0     5 7   4    7     40 68              
        8 99    0     3  412        931  7  0  7         1            0         
55  0                  3           7 1 4   55       5  88  0     4            7 
5        4 61         8   7        7  32  6            8 2        1    1   68  1
9                87    0  1 1           4  69                      6    2       
9    4    4 8    6         75      8   6      8 7   5               786         
56   83  9  59  8 1 6      03  8   9 0     0   53 3    2  3 1        5          
    0 8            39    2  2 5      02          8             86  29      8    
    14 0 25942   4     1       8      3          0          5    57        7    
      0 3   6         83 1   3         6      43 23                 4   4  4  3 
            57      4  8      9      2                9    4 46     1      6    
    74 09      0       37     7     8        0       5   3     0                
              1  0   8  0 3           9             4  9   1   1   8 0  9 68    
      7  36     4 1 531    7   4                      2 4    6 5 5 0 16 3  3 3  
2 9  5   3      0 81             60     3  3    7             6   64    0 84    
             52   7  8     4 75  0      60 8 6           4          47       3  
   5    6  0        8    0              2 8         1        2        1      9  
      3                 0        5  3     6      1     1     0    9  9     6    
                     0960                 4             0 9   14   1  1         
  8  85   5    2   7      4  0 7     6      8       3  0 9  611     4        24 
1  5   6          5          8  8 9          0  36     13 9   9     1 2    2    
3         4     6 00        2 0     21 2           6    2 44    8     2      3  
            9  6 84                5       3   0 92      99         2        4  
      2      4 6    2  8           7             75             3       79      
  1    1   36       1 9     1     7 5       06     26   0   2         6       1 
        2      4        8             3      5 3   7 6  0             1     4   
    9   3 9  7        97    4     5  5             5 0  0 82  2      5    9     
   8 970      0   2  6    6 3 7   8 3   3   1    8         1 21         2    9  
 059      4 7    9 86    07  2   3               7     5  7 8         8   7    3
           02       13     3   7   3 3   8                    9      3 75    5  
    9           14     1 7   206     5 33      7 8  1                           
4             2     0       03  09 0 7  2  0  7 40      6                       
 81   2              9      70  7  3  2      9       6          9      0       8
  3   1 83   4   7     7 6     5   048 7    7    0   4   0    3  10          7  
4                   1   97    6       2          2 2   3              90      31
0 316 9   8  2   4 89   7     5 9   6 7                       6   0   5        2
  2              2    8 7            4     8    2   36         19     0     588 
  8 1       3  2   3  83      4      6    1  1  0    0     7    9 9    2        
  2 7  4    3  5 6   4           1      3            48   7   08  0 5 3         
     0 2  9      8 5             9      9  586     9  6  5                      
          5 7 764   2   5   6    2    5    3 3          3            98         
       8    1 2          8 97 5          6   1   3   8    6   6 3     1         
  2  5  3     6   8   9 8 3   1     7 8     5 1                     9           
      03  1       6  9 9   6       8     7           9  7 9                2    
     4  6    0   5          6 0  7 04      8 2     6   8      6  2 2            
  76      1        1          2           6 1    0 1       9              0     
  0 7 6    4     3     9     3  7 6 8  7    5   1  2 3 9           9  31   5 5  
