4  22 7  5      4    0   5    1 9  11 9   0 8  7 2  280 35   17 1   142         
     0    9006  2 650 5 8 8           0   4      7        8 63 8254 4    6  928 
3     03    391 7   014        78  5   3  2 66  4   276  0   96  784   1  8    3
3    6  5   2  5   0   6   9 1 64 27 1 8464   4 2    1   2    5  6  9   68 02  1
  0 5   4 658  621     4 8 241      0           9 0   2   4 2      8 60 3 8  8 4
   03            4  5   54 74   3  4   3  5 89         9 1  18    1 9  94      6
  67088  0    19     02   5   9   77   2 817   6   9 1   9     97   2  2 7     0
     7  9    0   9 16489   2         1   3  0       2 2    296     0     572    
  9257   8 5   8 8    9            33  2 84    643 1 9 1303   2    9 7    0     
35 7  71 6 0 4   03        8    0  8  3  6 4  5 7  734  7 5 9   5  9 0   2 98877
4 140   46 3         9  88    4  0195  3 8  4 7  9    8    6   2 2 2 8   78  0  
 255 5 27  653     1  0        3  0     03        6      058  6    2  8   98 818
4 3   37 88 4  9   973 1 14     4    5702 3  8      7 04  0      17 88   3  5   
   8    19    7   94  4 31 06    9 539    50 7 24  3   6     682   05 146   5  2
 4 9    9 0     0  4 4     7   23 1     88    0     1     931       52  9 13  01
6 0  3   9    31   36 2 61 20  90 9511   66  9      1    8960412 4  9   95      
 6  3    2   40  6   5 0  2750 9    1  950 48         0   79   1   63     4 72 4
    9 2 73 3     0 82 925    0 15  6      38 030   072      67   5 12  1176   6 
329681 3   65199222          543 9  15   01 6289   3 984299 55  4445  0 89080 90
  6  2   0   83    3 9     28   2 4 3  00  790 6       8  7 80 181  5 08 48 6 03
 8   48  1  42 436   1  2 19    41  9   2 91 90          2    76   6 6          
1     8 48   5   31     04 2850   395 25     1     17        8 01 39  6   7 8   
1   7   3 2    5 2 8 8 251 67 7     2 436 82  7     0  0  5     7937 29017  5 94
    569    4      0    20 2   6 48  4  1     7  3 1 37680 3 86  6  15    2   0  
   25   4  2 1     9      2  33    0              590 03 060  1 7            889
     5 5  5   41  0 0 490 6  2  304 3     570 5   2   8  264  8 3  253   6 4  5 
    1 9 0       6 7   16  93  7     6   388  7 3           7 19  2     6  0 0   
8    5             8 13 3  0     7 5 0 1  3  0   9 1 0     5  1   3 0415 471 65 
49665   8 16        9    9 1  06   6   5        8 3 93       6  717  4     6   1
 04255   4  3  1      02      8 7  9      90      2    5 1   715    49 38 1 3  7
38   7  2 00     19  419  6 34  4   95         86 3   2    232986   2 5 7 7 9  1
   1   7   7    3   3         71  6      3  70  64906    945       7   5        
2   5 8    6 8    4 9     23 0 3   480      7  17     5  6688 0 1  1    11 2  1 
7  8 3    3       1  0  41   5     45   3        4    5 3  433  5       3  074 6
 6     0292 599     2 0    0       8  8       9 78   21384070927  58 3  4   2  2
         0656          4   8 62 5 1 3819    5   19  7 3  3    7      5    2673 9
  3 8   0 26 83  98   05 0   4 8 2 4  20      7   2   0 9   1 1       4  43 9 42
  04        52       8     061853     2 9 2  8 4 37 2 6   48   1  2013 79   6   
    5  373   135       489 9     2    3        96  407 960    4  4      1  5 911
   1 2  54       08   26 3    1   403 6 3 3 00 784 0870 13 1 930 9            6 
0 96 4021  7 5 8 993 5 4 8 2   27          023   4 2 30   4  49 7 8778449 8 072 
 0  76 6 32413 9 0  07  1  0       3 89  678 1 1 6   9 0   2          516 4     
19 7 81 6    3    573   47     6   1  41   9        3 303 959   2   8 0 61 4 8  
1 11  4   4  72  4      8  6  8 5       4    3 72641  7802  8 7     3832     3 4
  8    4 5     9      5  003 83  4 1      5  8  21     9038 6  3  7 8    66 7   
   6   81  1   5   22    2722 5 2 121    0        2925  1    63    6  6   86  6 
  0 5 8718       17     46 5  88   1  654 16 76       86 6138   9     57   3  40
   9 9076  3  6     769 0     4 1 87  9    749 9  11     00     9   2 01 845760 
4  6        38   8   85 568 9    83 9  4 38  8 0   0 8  4           69 9     7  
389  4 22 9     2     2   6   45        1    5   0  5 6   7 78 07      677 010  
     0   2 7 1    7  5   1  7    71   7       82   34   47   4  81   0  3   62  
 5    0       7 31 58    1   20    813        79  3 3  3     5  9    4  8    650
   9   7    64   002  01333    58 3 518    8 0 43  26468   1 560 3   4    7   9 
3           8  98    7  90 113  31 08  87 51626  2 81  6   9         0 40 51 9  
  56 267             78              2  5     45 3   1 4 41 7        4     9   7
99   6 5   74744      45  4   0 8 89  4 8 4    97  21   3 6 4 51    5 2    1  4 
7  1 2 2 2  4      31641  0 599 80      0   2    3  1 6  84 7 5  76   9 5  7  40
  7    1  6 35  1  7 5   17       67    27 30      67   67 92  29     5  2    1 
 468 68   7    44    4 33          8 09  6 1  0  8   99     67 9209  7        6 
 5 9 6  598 5   23 5 6   1  53  1 972    7 9 7 9   6    0  12 2  6 8      851   
