1 1   00 1 0  1011 1 1 0  0      0 1 0  1 1011   0110  1 111    01 1      111  1
 00   10   110 0    0 1 0   0     010     0 1 0       0 11 01 11   011010  01   
   10  0    1   0 1 01  110 1 0       0     01  11010 10   0      0 1  111 1   1
0 10 11 00010 0000 1   1 00  0   0 11 0  0    0011  11 0  0 01 00010 110 0     1
0   10      00 0 1 0   0  1 1 1 001  001      1 00 00 10      1   0 0     0 00 0
1 0 011    0  1 0  0  11     0 0 011010 1 0 00  1    0 1  10 1 1   0  11 010    
0  0100 0     1  1 0  001  01 000 1   00  1 0 1 0 1 1  001 01 10  0  10   1 0  1
0          1 01 1  0   1 0  00 1011  0      11010000 0        10     1  0101   1
  1   11   0  1  1      00 1  001 0    1    11   01 100  0   010  11   01 0    1
       0  1   00   0 1  11   10   0 00 0    1    10  10110 0   1    0 0  0111 10
01 0 00    1 1   00      0 0 0      0      0 00101000     0     1  0 1       0  
1      10  1  1  110 111       1 0     0010   0           0 11 10     0   11 01 
 0 00 1 0          1 00      00 00  101    1      0  0  1 0    0       00    11 
0 1 1   1  01 011   1  0 0  1   1    1 0  0 0  0 0 1   0    1 0  1    1     1   
0   00   1     1    0   0  1   0 10101  1 0   11 1  1     0  0   0   101 011   1
      10 1    0 101  0  1 0010 01  1       111 11     0 0 1 001001 11      0011 
 101    000  0  0  10   00 100  10   1 1 000      0010 0      1 0 101 101     0 
10   10   1 0 0      11      0   0    0  00 1 1110   10 0  0    0    0 0  00101 
0  0 1    1  11  1    01         1    1         1 1 1 1     0 011 0 11 0 0    0 
1     00         001   0    00011 100  0  0 000  01     01  0   1 00  0   001  1
  1  1   0   0 00 10 0   1  0 1   0  1 10010             11  111 01  01 11  1100
 1 001   00 10 01  1 0   0   01 1 01  0 0  0 100             1    000 1  00  11 
  001  11  1 11       1    01  0 11  0       1   1 0 000  1   1 0      01 1   0 
  0 01     1         0  0101  1010    0      011101  0 0  111  1     10   1     
 0 0010      1 1 11 1 11 1010   0  1 01         0    10    1      1    1 1 0   1
0         1  1  11  1  0 0 01   110 1      10011111 1 1           0     100  0 0
0 011  1111        01 00 111100 0  0  1   0  10 0     1 0    1  1  100 1  0  0  
        0   1  1     1   11   01   1     1   0   1  0  1  11101   0  1  0 1  1 0
0 1    0 1   1 0    11   0   101  1 1     00 1   000110 10 1 0  11011 100  0  11
   0 0    1 0  11   0 11  1   0    0    1 0 1 0  0 00  1  0         0 1  0 0  1 
  1    0     0   11  0 1   10   0    100 00  0      0 010           0 01 1  1 01
  00    101   1 10 000    0 1 1  1   0 1  1     0 0 1  1  01  00 01 11 0 1 00 1 
 001110 01100  1   0    100   111  1  1 1 0 10 011  1  011 1010  00     0     11
011       01 0 11  0           0  0  00   01    0   01      1 0 0 0   11 0  000 
        01  01     0   0  1   11  0 0 0   1  0  11  010 10 1        011   100 0 
  0    11  1 11  01 0 0 1000   01     01  110 0 1 1  0     1   1    0   00  1   
0   1011000 1   1       1 000       10   0 01  00  0   1  0 0       11    1     
   10   00   00 1  1  0             1  0  0    0      0 0 1 1 0 0 0    1  0    1
0   1000  11   1  11      01010    0   0101 0 10 101  0    100  0   11 000  1  1
1        1    1 0     1   1   11   0    1  00011     1      010 1 1    11  0 1 0
  11 1 1 0  0   11   0  0      0    0    1 00   0   0     0            0 10 0   
      0 1   0       1  10   0010 01 1  0    0 0  1   11100      0        0 100  
 1    1 10  0 1  11 1  1  0  00 1  1    000       0  1    1  0 000  0 1         
0  10 1   110 0     1 1 1   0 01111      00    00 1100       0  01  1     0     
       00    0 1 1 0 0     11  0          1  0  0 0  11        0  1  0 11  0    
1       1 11     0   10           0 11     0        0   0   1  1  10          10
  0 00 1 0    10101  11    0         111 1    10 1   1   0 11 1   0   0 1 1001 0
1      0 10 0        01 01      001   1     11  1111 0    1 0 0 0  0 0  0  00   
   10   0      10  10   111   1   001   1       0  010 0         1   1   0 1    
0  1  0 0 1 10 10  0 10100 0 10  1   010 0 1  1 1    110           0  001      1
 0 0    10         0 10 1 0 11      0 0  00 010 1   1 01      11  00 0       0  
001   1 0  111  1  011    10  0 1000 001   00    01 1 0     0  1 1 001  1 110010
0  0 111 0 0 101 1      0   1  1    0      1 110     1         0 1  010         
0  000 0 11 10   1 10 11     0 1 0  0 1  00    010 0     0 00    1      1   100 
     0  00 1   01 001        101 10 11  0  1   10 0  01  1  11 1  0 0    1 11 00
  11 01 0    1000  0 00  0   0    0   0   11  1 00  01  01  10      11  1 1 000 
1  1     01 10 0 110       1   1    1  01 0 01      00     00    00 1 01  1 0   
0 1  01 1  1 0       1  011   10 1 1 0 10000   1 0       1 000  1 0 10       0  
    10010  11    1 0  01   011   0    0 0   1 0   1      0     1  0        10  1
  1   001  0  1 1     0  0 00 1 010 0  100  01   0 00   1  0    1010     1 1 00 
