         0  111       1          1 0 0   0          0 0 1   0   1    1   1      
 11   10           01          0         111   1 1   1    0      1            1 
0 1  0     00   1      0                  01     10      1          0        01 
   0        1  1             1         1 0  1    1 10   1    0 01 0           0 
         0 0 0 1101      1    0   0   011 0   01 1    10  0   0  1      1       
 1         1   0  1   0 1  00             1 1       0         0  00 000   0   0 
     1 0            0     0     110        1    1     101 1     0     00        
  1      10                1   1      0  0           1     1         0      1   
 000      1     01  0   1     01           00    1 0   010    1        0 1   0  
11 1 1               0            1 1    11      1 1    1          0  0    0 0  
1 0     011         1  1   0 0      0        1                   11    1  0 0 0 
        0 1    01                   0 0      00  10  1 1   11              1    
             101 01 1 0    1          0    10    0         1 0 1   0     0      
0   1      110       0                  0  01 0    0    0 1 1        1 0       1
    1                11   001   1  0                   1   0      0     1 1     
      1   1   1   0 1                            1      1  0        1 0      0 1
  0    0           0        0 0   0           1   000                           
  00          01 0           10       1           1      0  1  0                
    1                           0  1    1      0     1 1 0       0         1    
       0    11        01            0 0  1 0 0  01       0    0           0 000 
   1        0 0   0 1           1  0    0   1  0                       1     0  
    0        0                    0  0             1               1            
 0       1   0      0      1    1  0   1             0 00 1  0 0   1   1   0 1  
       0 0    1 1   1                  1               1 0    0 1     01 1     1
    0    0    0   1   00    1              0   1       0        0   0      0    
       0          01       0    1  1    10   1    0  11      01    1 00         
0  1   1        0           10  0             000   1         1       01       1
 011       1                0    0   1         0          1       01    1   11  
 0 1      1        1            00 0 0   00 1  1 0         1  01    10  11 0   1
 1 11  01  0 1      0        0  0       0 0 00 0              0    1     0   1  
       0            0    10 10  1 0 1  110    1           00     0         1  00
     0   1        01       1    1    111  1     0 1 0              1  0   101   
        01 1   0 1                 1  0    0    11    1 1 1        1     0      
       0       1       1  00  1  1             0   1     0            11        
        01           0     1 0 1  0    0 0 1  0    0   1  1 1         11        
              1   11   0   0    0    1    1         1   0   10          0  10   
0  1     0 0   1               1  0  11          1     0                     1  
    00  1    1 100  0 00           0           1           11           1       
         0       00  0   0       00  0 0                   1  11          0    1
        1  0    0    0  00  0      00 0             0  0       0   00           
    0               0      1  0        0 0       0 0    0   0  1              1 
1  1   0   0  10    10  00 11         11     1 1 1   0   1      001     1       
 10 00              1 1   1  1                      1  1              0     0   
      01  010 0 1   1       0  0        1   11 1   00  0      11     0     0    
  1        01 1 1                                 0  10 01 0    00   0 1  0  1  
1  0   11 1 1   100  0  01     1  1     0      1      1   0     1 0111    1100  
0     1     1    0               0   1          0 1  1     1 0    0  0     0 1  
 0 0      0                    11       10    1 1     0       0            0    
      11    0  0      1   101      0  1   1   0             1     0   011       
     10    0 1 00            1   1 01        0   1            0      11  1    1 
1 0      0    11     0      01      1   00   0               01    1     0  0 01
     0 11 0         0     11    1  1 0    1 0     1 0       010      1     0  0 
      00   1   0   1       0  1  0    0  10     0 0   1  1    01      1         
        0  0   1            0        10          0 0            0 0  1     1    
      011     1            1       0       1    1 1                           0 
    0 1  01    0           1 11 0         1    10  1      0        1   1        
1     0    0  0  1   0      0  1        0     0    0  0   0   0               0 
  0    0  1 1   0            11 1 1    0  11     1      1        0 0      1     
   11   1         010     01         111     0           1        0   1   11 0  
       1      1        0       0   0  1    0  0      1                     0  10
