 00    0 1 0           1   1   1      11      0  01 0    0        1  01        1
0  00   0  0     0   10    0 0 1 1     01    0    01  0    00    0       1  1 1 
00     1    0 00   1 1    0       1100        1  0        0      1 1 0  1  1 1  
              0       1    11  01            1 01     0    10     1     0     1 
 1 1  10 00   10   1  1  0 1 10   10      0  0 0  0          101    1      0 0  
0 0      0 11 1   0  01 00 0   0   1     0          0       1 1    1  1 1   0 1 
  0      10 1     1       0 0110 10 00   0   1010        1   01  0    01       0
0 1   0       1 0        1  1100                 1 0      0     11  1  0   0    
    0 0  1              10       1   11   001   0 1   1  0  0  0 0          0   
    1    11   1   0000      10    0      01  1 0   1  1    0      11111 0001    
       100 1 111   00      000 1    0  10  1 0   1 1    01 10 1 1     0    0 1  
 1  1   10     11 0       0 110   1   0 0 0    1 0    0  1111  0  1  0    1 0 0 
0 0  0    1 1 0 1   10  11 1     0 011   1    100    111  1  0    00    01 11   
     0    0     1 0   1     0                   100    0   1  1 1          00  1
11          10   0        1000     0  1    0   0   0  0  01       0 0  1 00 0  0
  0      01 1  1     00    00 0   1          0 10  00   1  11 0 11             0
        00  11      001   0       1     1         1  11 1     0  01  1 0        
     0  0     00   0 1       11 1      100  0 1     1 11 010     1 10 011    0  
   1   1  11   0 00 0 00 00   1        11  0      0   0  1 0 0    111     11  0 
0 11   0   0 0  1 0 01    1  011     1                 11   0       1 1 0 1    0
1 1   0 1        0 00   0    0   0 011 0   0 0 1 101 0       0   0 1       1   1
1 0      1101    000 1   0 0  1  1  1   1   0   011 1 00   000 00   0   01  0   
0  1     0  1 1110 1 00  10  111    001 0         01 1   1 00  0       1 0 101  
         0 0       0 0             10  1    11  0   1       10 1   0    1    0  
00      0 0   00       0   1  00 1 00  0     1 00   0  1 0  1             0    0
 0  00 1   100    1     1   0    0  0     1 10 01            0  0   0          1
           0 0      0        0      0    010        10           0    0   0 1  1
     10 1 0 00  11       1     10  1  0         10 01  0  00 0  0    1          
1  0       11         1  0  10   1   0010 0   11 0 1    0   1   0   1   1     0 
   1     0         1 0   1      0    0 1     0        10        0    0    000   
  0  0 1     111    1    0    0 1    1        0  1     0 01 00   0  0   0    1 1
 00      1  1    10  00         1 0110  1 0     1 1   11    0        11 0    1  
     011 0 1     1  1     0  10 10      11 1   1 0  1    01 0 0    11       0 0 
 0     1      1 0101 1 0 0  000 1  1          0 1 1     0 1 1 010 0 1      1  11
 100        1 0       11  0 0 00        0 10  1        01   1 1    1 1          
 0      1  0  1 001 0    1  1   0      1 1  0  1  0            101   00     0  0
 1   0   1    110 1         1 0   1       0 1 0    000 10     0    0   0 0  00 0
  1  0  0 1 0     0  1  0 0      0   0     1 0       0  1  0              0  0 0
 0   01 111        1     0   0 1       1  0          0  0       0 1 1          0
  0 1  0 1   01 1 1    0   00   0101   00     01 1   1 0          1  00     1   
    1 0 1    1   0110  0 1   10     0      0 0 01     1    0          1      111
 0  000 1 10  010 1 1100       0 1   0         1     111     0 0  0     0       
1  1 0 0  0  0 1    0  0     00   0  01 001        1  1 1     0 01  1    0      
1  1 111 1  1 0   1 0 1 1  100                   10 01        1     1           
 1    11        00 1 1      11        1 1          10  00  0  0    0  0 1  1 0  
      1  01     1110   1 1 0            0 0  01     00 1  0 0   0          11 1 
11 0   0      0  0        01 100    0   001  0       0       0   1     1  01 0 1
0 00 000  0  00   0 0 0   0  0     0          1  0    1 1001    0 100 1 1 0     
10 1  000       0   0                101 01     0 1   1  0 0    1 111   0   1   
 0  01  0              00 1 10  1   1  01    0001     0      0 0      11        
0        0  1001     0 1 1           0 1 1   1 000 00 1   0  0    10   0  01  0 
 0    1    00    0  1 1    1    1   0      1 110  10  00  0 1  101  0 01        
  10     0     1  1     1    10  0  11  01  0 0   0          00 10  0 1    11  0
         1  01  1   1 1 1 1    00              0               0 1   0   1  0   
   11      0   1 1    1    1  0  10    1    0     1 1  00 00  1    01  11    0  
     11   10     1  1  0      11100  111    0    00 0 01   1    1      1        
  10  0 1      11   1  11       1 1          1 1       0 1 1 0        1  1  11  
   0001      0   0   00                   01     1  1 0 1    0  1   000    0    
   1 0     00  0        00      10  0 01  01   0 1   10   0 0  1 0    0  01101  
   000  110  0  0  0           0   1    00 1              001 01  0111   10     
