9       43     6  7  57  7  1 6  8  0 3 469     3                 4         4 23
2 3 6         5669 58   2    47 32     9    8171  0 78 3 9     3  47  0  7 9 4  
650      64  167          148 7   0 6 284821  2    7    3 84 0    7 08628   1 0 
     7 81  145 43  6        7 82 82   320 2 8 5 4 9    8    5 1 6686 26   0     
3 1 1   4   95      3   86          9 2    5 0 0      4  1      13  99    6     
 9  55 1 8 091    8  5   4  8  95 2  01    88 44 1 01 6 8  0  51   6    8  6   5
  8 6    1       5 55     7  4 4 2  0          5  6 93  16 2      9  8     5318 
6         7944732 7545 1  1    9 8     3    6451                  8      8 9 9  
9  379 8 69     7  0 10   6    1 2 89            1   99  508      53  2 29   8  
   7       3 9 5 6 8    8  57      4       45 34   3   9 4     201      2 6  45 
   51 9 0 2   7   55     41  4 1  0    54  3     43     6        1926 029 70    
    01  9 1    5 81 0  0  062 93    3      0  0    82    0     1952 3   2    764
     116 0    8 4      6   1    2 0     51  1  30  8  2 0  4  6 4 0      23     
  2 22  3  8  2   1 9879   7  7 22 59  6  6843558 2   6    85 29    8  5    6  1
  96  8   0      766 63  109      5 6   0 3   0     30            43     4   8 6
3      7   0 1 8 9  3 2 5 7 0  649 7321 5   2  0 1  9245  4 5    7  4    76    3
 9  1  2      67 4  57 38  824   10 9 7 6   0  0 69     7       695 2    6919   
3 8 32       7  4  6  8  7   6  491  9 25  7 3    2   9 7 1        82183 7 6  1 
 1   7   5 98      841  0 1   35         5 8  0   9  8       3   538  359 9  74 
 3         74 0    6    629 18  9   2   8    9    3                        06   
 17            2 6   0 41     7  211 69212  07   1 02 36   7         30  737    
2 9             4 105512 3  1  23  0  8  0    4 5   4   184 8   72  56 6     5  
1      8 5 09    5         8  8    8 00 3  4  7  5   53 5  42   21   24       15
   6  3   7 3 3  6     3 8      43   3        9     2 6 44 6 77   9504 9  7 5 63
          29 3 21        6  3    38 3   3 56  0  1 61      47    86 39    0     
7   7 3       0 677 6  6   4 83     1 7       73  5  4  3 55 590     987 7 6 4  
5     43 72914      4 8   00    24   7 98889 4 3832   5 0  5    5      04  78   
    253 7    9 9   082 6  9   6   0 1 6355    8   9       8  7   993  8      335
 7 32    880   2 5       1 15 02 3  39 7 8            4 37    1  8  8  05   9 8 
      1 307   8 6 69   99      2       98 9 55  3 2     2  4    1 5 3  2  196 2 
    8   93   652    31    9 52 74959 7 9    1   5 6    6  9    9 5    8   8 6 19
 8    5  47  7  4  7 5 1  4     5 9     950  8   7  0   9  4   4 8       7 5 08 
    66   8   1     2 43  0   20718       2 0     7  56  71 3   41 23     76   89
   11 1   7   97           6      9 7 7  4 61   3              774  8426  8 9 5 
   4 95      7     6 26 4  51 0829  0 49 9 570 8       2 12   1       2 0 9 6 54
2 6  97228  1 22 4   801 26   9   4  54 969  4 4  5901        2 87    219 1 0   
  1   6 4  9  49301  07            1   6  5 2   4   5     0       67   3     680
58 2         8  5 1  3 29 090 27     08 46  0739 32  9        3  75     4  8    
1 1      36        1  1 9     2      5        9         03    3   6 35    51   9
 6 3 50894 8  78   3 2  7    36 8 0         99    4  0 1   0    5 1 7       5 9 
   4  9      74  0    2 3  026  9  5  57 2   4   3      4       21     18       
13  9 024  0   49       9    95    7     6  9 5            93293  0 9 4      8 9
352    8    149 24584 8 5    88       0 619 9 0   32  5 0         5 1    1 8 4  
36  5   3 81 2 7   5  4  8  6 9 2  0  39  5 8    930  19     5   38 25  7 6   36
 6     459 4 4761      3 0      734 0 6   1     0 9 1    76   397 9   7  2  0  0
6      4 23 0 6 9   82 68     2       5     9   9 37   9  76 2       6          
0          6 3 8    2 57 73 6   9 7 2       3  4  64     7  5  5 578 6  0 9 57  
 1 4       94  7 9 3   5  7   4  4   332532 9  5   495 1 6 92 8  8 4     7 00  1
        6    3     3 3  9    5   3       800   0 6  3 607   3   2    4   9 48 6 
522  3      2    8 0  418088     0 0  0  051          8  74     0 5 34 5 160 3  
 035 42    3   39 16 610      4      39 1  06 63   76   0     37  3    7   96   
7184 4              7   24 4   88 1  457  6    72 4756    2 30  5         7    9
0 9 6  9   6 8    9  592   9   4  8 4 7 66  26    0 5    7   7    7 0 5    8 8  
     7 9   5     1 7  3    5    4  8  5                    3 3961 14 871     4  
 528  39181  2 9  6  8 2 376  509   2558  8   1    03    55       38     2   670
    3      5    578   6561    7 5 0    2 8   1   7  2  6517   90  8 8           
 166   8   129   0040 2927   2     8   18  54    8  11    7      9   8 7  4   80
5 02 9      0362 9755   16797      89  3 47 9  2971 292 6627 1 6  910 75  34   6
       4 9      4 4     3                  9        7  1 0  91  1  58  1388  8 8
2 8015   34 2 3  7 357   6   8 3 1 7 9 2       2  3      21   20  1      6  4   
