3 22391   21  1     77        3 64   3    301          2   9 1 6  7 1      09  0
   417 14  68  5   8 6  83   147   0  634  595385 2 2 89   22 7   64  33   1 164
 7  16 3 73 6   3   13 174470578     1 6  2 92 8  155 0  6   0603226   58 36  46
3   57    9  48   4736     12 4 8 5 3    13    3  9     13 1   8 15 3 04 3   5 5
29           7 1    321 28039   0  2         1 2 0 967  946  93 6      9      6 
 7   5 0   6014           273 87  3   895 42   23 1   412 67  7 0  3 85 3 26648 
 4  61    9  0 8  7 913      7913  7110 3 0 7 1 7 15  647    825 85 6 1 1381251 
  6   34 8 4    5 3    54   9 0 4   12206   2 99  2 83422216  1  14 729   0   48
12   5         79056    4    8  70 35  86  39  4      3 268   1397 07 3 9 8   2 
        09 282 0  19   2126373  4 4 7  24 0   00  76 1 1  3911  3  2        19 3
 92 12 44 2 85 467    19742      3 98    9     2 55 0    6     5 2 8  0  16 088 
   769    709 1  4  1      33    926   18 264          5  33 5 2 6  0  56  19 12
0         6289   1    3  1   579462  1  60    3   6   9 38 28  9 6  1 1  69  3  
0 4 48   5     399  3 303  713       368   1 67 3 7  1 96 452 1      5    5 5  0
 64  09 394 4     3  347 5  6  79804    375  0 34  6     8 0   46  8  004 9  77 
9      26  5 5  0   33              4       9 0   98  5 25   159    6 5    9  2 
5   124   63  1065  8 3   4 4 938   4  2 60  83 9 5 8 2     3     4    1    117 
  2  6 7273   7  6 6     70   8  327309  2  0 142281 4   71    6   8 3   15   6 
4 0  85  0  6  4   6 4 28    2 8121 4 268436  4    7  038 6  1  11   2 68      5
  9     6480 99610 18 7  2 6       0 4    0 862 9  3 74  75 3    0   492     906
 56    3    6     0  04  21 6889  047 926370   039 12    5    440505 6  4 66  9 
 9 69 0  6806 8 0   16     97    44  650  72  9 5  83        1 6  74 8         8
 60 940    9   6361  990   45 16   3 26  9 17   679     8  5   6  94965    954  
1 5          1     7 3    9311 4920  90  154  8  38 9  6  94 0    90 81644  97 5
4 5   73   510   56  3        803        2  8 057 963 4  3218 2  6   7  9 9   2 
0   0   37 22328 0 9  6 1  8    8 0    8 5 3       3259 34   3  40984    7   34 
 753  2 1   8  6    2  3 77 2 148   28    035  54 8   8 4  3   7 5 267 3 396867 
 1 1 8  234 1  973 4   49 17  30   7 1  45 4  8940  799 4 4093   52 067 4      5
  9 8  394  7    87           6711 5   3 8   17  4 762 8 447 024 8 8  32205 68 0
  5 8    31249 1 8  8 6   9 7   32  97  1 6 353   0  8 602    3      24539     7
 7   9 77 41  3  9 698    2 033   995  78   028 9 24  07 93   44  2   3       68
2    6 6       141  4  577113 3     7 31 077    6 9  6 8769 37   5 7   9        
  29  255  8 7 417 1  9  1 0 8  1   7    1009  3 21 1 2 6 3 032    8 3  8  5 6 5
847 3           667 81 2 61  9     1 3  2 429  530  2  5  6  4    09    6 2  472
9 4 26  09     0  62 17    9  56  1 0 6 2 60    2 178 8  6589   098 3       7326
006 9 235649 808   2  9    269   64  967   5 8 4 7 5   9165 4    8 93  62      4
  558 1 0  4 6  4 8  4 0   3    228 07 2   39          508  32  7 787 2     5 6 
 1  4       4180 34 6  3      7 5 4  966 3    5 84     7754  3    9 79 7    1   
  7  0   738    5 32    62        4  8    2 13 5259 2 8  808   6  73 0   93  646
 8 9 737 49   68 7 2 4  5   6     0  541  73  7    278       3 6 9  5    8   2 3
8     5 8      6 5  45  989  65 7   1  151  2 9684  196  94 8   8 7    2881 9614
      7 432663 943 0  9  8     14   21 46     2  31 5   7  1 8   76 15  7  6   2
9  7 6 3  2 167473  9329 6   5976 47438    6 35 2   3 8     9 2   52    3   94 4
 16  2  0 7  025  0  71    1 1 858449 0 48   6442  0  2 5   9   3 8 0395 5  3  7
  8   6 04709889 3 627 4  267    4     6 53   0     1   22 4    8  10 67  9 7  7
7  73     167 053  8 1  3  85    7018  69    2 5     6 2  2  9  89 9208 80 76 8 
 4 2   7 62 8  495  0    6 29206  65 9  0   5 17  01  4  660356  207  8  3 15   
8    7 9 2    8  56  8  648     56  711 17  0144  90 1 3   4  11   03 0  4   350
5   7 4    043704     328  69154912890    3 5  5  62  1 9 08 2 1   3 9        7 
2 25  540078104  6   6  5 0 69 525  55 7 1850 532    5 0    3 1   02    5761 0  
5 9 71   1  13 1 493   8   4  6 9  86  5   851 7 3   7   1 5   0 0   5 44  96716
7   430  426 7   743 5 4  75   53      376 7767  3     6      8       0273    48
  060 6 32  2   58781  8 814  89 8 5  887 0 07 8 2721814    661  9 961   3  519 
7 0 336421 0    5002 4  8    7    335 11   4 0    9  292    6 268  2    9 8  40 
44      0 7  6 8      86  94 0 019930 78 32      5 6 4  35 5 652    24    646 6 
    3 589 088  415   5      8892     5       0489633  753             9 0   0833
2  209  3 75    5 5 7 4   6 8  4 7         2152     18   609  779     443    0 3
  8 3 921  7   0 081      7  1 58224 9842 7 7   9   273490    0  41   3 9 8  5 6
3 2 3  81  3  3  6    7    0     460   01 07  81 46      0 8 4  42 4 3 9  3  83 
  469     8 7     20  14 856 6    4  9  36 3 55    07  01 12 2  6     31  7565  
