 1       0  011 0 10  0111   0  100 1110    0 001    1001 1 0  10  0011 0    0 0
111 010 0010    1 0 010   00 1001 0 10 1  0 0   01 0 1111011001    1 00   1111 0
 00  11 10    1  1 1 0    1  110   100  1   10 01 1 1   010 1 1 11 110 00  0010 
  1   0  11  11 110 001 01101110 1 1 00  1 11 0   10 0    0   100 1 11  0  1110 
 011  110 0 011100   10        0100 0    0 10  0 00 1101     1000 1 0 01  10 010
 011    1  0110 00 0 010 10 010  0 1001 00  11 00 0 1  00 11 1 10001 0  0001    
  0 1011 10 111 0100    1 000 10   0 10 001  10  0  0  0 0001  1 111  1000  1 10
00 10 1   0  11 01  0 00 0  01   0 011 0   10010    0   00   100  111 10   1   1
110 11  10011   1 0 1  1  10 01 11 1 010111 0 0 0011  00 10 10 100     0 1  000 
10 1 1 1 1001 0111 10 0  0  1010 1     00 0  10    101  010  11     10 0   110 0
0 1   0  0111  01 10   1 00 1100 01  0 1 10000 01 10 1 00000    011    101 0011 
  0  0    0 11  010 010  01 1  1 1 0 01   01 0   01  110 10 01    0   1   10  11
011101 01 00 10   0  0     10 1     11   10 01  0010 0 00    1 001010 0 1    1  
0 0  00 011 0 001110  10  00 1 1 0 00 11       000   11 1 0  1  00 1100 10  000 
0  01  001 0111  0 0010 1111111    100 010   00  1   000 1 00  01101  1 0       
    1   010         0    01   11  11     01     111   0011001    10    11 10011 
0 1 1110  00  1 11 1101 000   10 00  0101 100 0010   111 0 00  1 1 1  00 111 0 1
111  0 001     1  0 000 0000011 1  010    10 1 0  010 11 11 00001  11 1 1111 10 
01   1 01 1100 00  00    00  1 1 0 00  100  0 00111 1   1 0 1 110 00   0   0 0 0
0 0101101 01 1 0000 0 0 0 1  1    01   0101  000 001 10  1 1 11         0 11 0  
  10  101 1    1   100111 0 1 1  0011 01 1  110 0110   0 10 0   0 011 011 0 1 10
011 100101  01 111 00   100   1 0 00  01   110   10 0  0 0010 0 0  01  01 1010  
 1 0 1 11 1    10 0 101 1 1 1 0  0 1110001    0111101 0   0 1 01 111111110  1   
0 0101   11010 100  11  00   01   110011 11   100110 1   0  0  0 11  1 0 110  00
   00  1 010 11 001011 0 00   01001 01 1001 0010000  1   0  0011101111 11000111 
   000000  111 1   10000 1000  11   1 11      100 11  0100 1  10    00 01 110 0 
000 1     01  0100 100 0 11   0  11  101   001 10 11   0    0 0 01 0 01 1 01 000
1101 1  0 0 0 1011 0  1 000111 11    00101 1000   1   0 1 1100 0 1  0100 10 1 1 
10 01 11  0101  011 0110  0     1110 1 01  1  0  1 10 0 11 11  10 0  1 0  1  11 
00 1110 110 10011 00     1000 0 0 10  000 100  0  1 01   000 0   1 011  01  1   
 11 0  11 01 0  1  0   01  1110   1  01  000 0  0   000  1    1 11111101    0000
 0   1 11 00110   1100110 0011 1011111   0 0 0011   0 10001000  00  01  1  0  1 
1  1 01   01  0    100 11 011   1 01   00  1   0 0 1  0  0  01        1 001 1   
 0 10 1    100  101 00 1110     0001 01101   1  01   01  01  1110   1 0 0111 01 
 0  1 1 0101100 11       00 0 010100    00111 00 1   110    100  1 01 000   0 0 
1 101 001   10 0   0   11010 1 111  011 01 0  01 0 1  1  0  01 1   0111   101 11
0       1    0 00    01   0 10  10 1    11 0 00  01 1 00001011 001  100  00 10  
1 101  0   0011 0 00      111001 00  1 11    1111010 110 0101 1     01  000110 1
1   0   00 001 0 10 0  101  1 01 1 01  0  0   1 0 1 01 010 111 00 110 0 10  110 
0010  10101 0101000   0 10 11 00 0 1 11  10  01101  101  0  1  00 0 1 0 1 0 00 1
10 000 1  11 11011 11101 1  110111 0000 101  1 110100 01000 0 10 1 011    0     
 1 0  0 0101100  1 0110 10 0011   11         0   1001   1  0   101  10 00   110 
101 10111110 0        00 01    0 10  1 10001  1  01101 000 0 01 1 1 1   11  10  
      1 10 10  01 0 11000110  000   0   1 11 10  010 11 10011011 01 110   111  1
1  0    101  1  01      111 1  110  10 1  1  111     010 0  0  0 1  1  00 100  1
1 11010 0  1 0  0 01 011 1    1 011 111 0   0  00 0 0 1111 1    1   0 0  1    11
 1  1 0  111010  01 00 111  1101  10101 00  00 01 100  0 10  0     00 00  11 1  
0 0 10  01 1  0  000     1  1  0111     10  00  11 0 11  000   0  01     0 01010
1 001   1 11 111 00     10  1 0101   1 1  1 1 0 0 0  0 0 0001 01   0110    0101 
 00    00 101 1 1  11     0010 1  1  11 0   11 101   11  0011  0    1 100  1101 
111  1001 1 10 1 1 1  001 1  1 0  00111 011 1 0   0 1010   0  1  010100  1   01 
01 1 100 01 11 11 1 1 1  110010 0 11111000    00  1  1  0111 010101 0    1    00
1     0 00 1 01  01010 0  00011   001    0  01  1  1 1     0110 0011  11 001 101
000    10   1    0 111     0110 0 0 1  10011 10    0 0 0100  1   0100 1 11   10 
11 000 101 1 11  110  1   0   1 00 1  01 1011 1 001 0100 1     1 1 0    1 0 1 1 
1101001 10  01 11    0  110 0 0 0 11 1010      0001  0 01      1011     10  0 01
10  01   0 111      00    10101100 0  0  0   10011    0 001  1  0   1  0 1011 1 
0    000 01  1111 0 01  101      00 10 0 010  001      0100  11 10 1100 11  1   
 0001 1   1   1  100  01000  1  01 0 0  001  0 01 0   100  1000 1100 01    101 0
1 01 0011   0  0 11   0 01      0 0101  0   111 0 0111 00  10  1 11   00    10 1
