58      5  04 5  9 7 9 6 8  48 03 4     6    75098       33  3 8 6  1        1  
 5  8     0      0 0    4   8   87       90  4   63    31  0 7     049      488 
13 79    7   9  7 424      7      1     0   5        0  4 4    7     3 9    3 0 
  8 9 91     6  92     84        87 2 8 403 8         5  3  0            6 74  3
8  7  6 1        4              6    19      7 15 4  52    65 29858   8 2       
  8          68   9            8 62 8  9 12        5 9   6         7    51  4   
 2         2 5 5   5      0 8    6      0     8 41 6  7 78   2 16    5  893 3 3 
    6  8    79    5 7 66  3 64 73   1 9  2   09  32146  6           1 15      8 
 44 832  08  3 7       302   6 0  06  9 65 51    9      36 43 8  5146   93    1 
   5     4 9 75 07 578  7   76      6    04   3883    9                5  5  10 
    1  6      22054  419  7       3 46    4   02 2129 9 8     9    11 8  3 83   
    5  9        99    7568        4 4       8  0   51 6 79 0   09       6 4    6
7  784    4  428   9     5        7 6 0   1 0 9 9 0 89  0 600 7 7    7  4 3 42  
        3    57 0 5    75 133    6 7 3         1    8 1    2      9          0  
2   4       9 5     30  2  1 384   6  01   54     6 22 5 811 710    504   79   5
    50 5 3  6  08  8       5         9 8  5  1   8 50   0 46 1 5 8  8        373
    2      6   4       4  5   1 30  9 5    7                7   0           6   
 1 3 4       7    20727  9 0      14          706  369  91 2 20    9    69 155  
    79 4 5    6 7 9 9 64 1  23 3         6 7    688   10     4    89 546 4  2  8
          2   4   6 01 2   2  300  246 82      4 1  3  5      7    2     4   1  
            4 5   93 8       5       34       4 2   4 6       3  0  4          1
      3          4 5  2  4      8 6  74  0        3 17 06      8 1  6   92 0  2 
  22 5   5    7 3   79 2   2  68 1   5    73 6  7 9       2   6    4          4 
6 6   2        6   1 8       1   8        8 3 8   0     7 0  2 4 5       1  7 1 
  1          8      88  1 32    6                 7  8  5   9  5     9 8   24 39
  161 9    9   4  8     7 5 3  4 40 25 5 7 8 55 8 6   7 3 6  5      8 87 7   1  
3   7         8   4    3 4 5     7  1 12      3 0          9   71   1 1     6   
 0 0   4  45  3   89 62   7    4  06 8  2     9  9 7        2   9  4 2      3 9 
      4 7           1     9 5  64  24 3    4751     8      7  49 7     32      6
1          6   21   9032    0 0    12   04  6      39 6 3  053    6      82 5   
259   4 36       0 3 7    720   3      5       1   89    3 6    650    2  3 9   
8 41   5   2 65 2              1 1  95 74 8 69 3  16         7  8     68  5  39 
 323 0   41153   2237  19          33 94           41    0               1530 7 
 23    0 51  52 100 4  7    2 7     2    1 41 49 87 76     8   1   1  6 2  5 12 
    1 88 82 0  8 6  98 7598 04       3  3  1             6    0      5442 652 3 
   4             34       1    1      2   22 1  2 2 0  0  78 3  1     8176  0   
75 4         03 810   1 11 5  7  7  9      1  6   8 5  2   5         97 2 098 4 
    1    5    1 8  2 950  7      9 5    4  5  4  2  1 8 552 0    44       7  454
 7   88 8   4       6   5         7  9    942 4   5 3324        12     2     2  
    8   8  0 2   78 6   9 01       3   689     2 28     3    4           2      
 6 30    5    5 4                09 36 2 1  37 2  5   22  2 67 4  2   7   44   0
    8   2  4            0  5   2  10   7    6      39   8  0       1  1  048   1
9 1  4            8 629384        7 30       9 4  18     3    7  63  7  0  4  9 
      9  8  10 30 4    3    556  96       1   3         9 8     4    89     8 3 
     7   1           3  1  64 544     2 2 9  5   92    0  5 3 9  738 8       0 5
  8 7      2   4               7        0  833    2  7 1   7  1009        6 9   
   4  4 1  69 4   66   3 61   64    7  46 93   53       3   59      1 6658 2 70 
    430    0 992 71431     5        8  06  10 0      3     1 6   5  4   11 2 9 2
   55 5   7     51   8096 3    7   8 2  8   3    46   4   41  71041    7 5   1  
       2     7  07  4  1 71   217 581566 1 1  2  5     7   92 2 2  0 03  9  4  9
1  5 4      6  335    7 9    591  0   0 0  8 5    8   7 13  7  951 14 1       28
 6        42      4  38 9     0           4    3        7    33 73           00 
 35    5  21  7  7   8 2  4         4  3 8     7       1             287  77    
 9      7           87   4  4    8 23 0  5                 8        23 7  6    5
       5       1 91  6         86 2 8    970  5   712  4 359     55   782  6    
 01 6   5    4         3     9617          3   80           1    63    7     4 3
9     8    0 95     9 5 8   2    2  5 4 45 405      707  0  33  07   9 7  4 3   
96  1  8 0  25 7      9 0     79 03    5     9 3      31   5       6 92 8  5 6 0
83    567       9 64  54  4  4  14   88 7      5   4   5296  71 5   4  57 40 8  
54        4   42471  4        4 6     3 5  0  75    4            3       2 22   
