  6 5               8  9         7                                3   9 0     9 
 8 4      2  7  2    3  2   035                    92     5  8    77      1    7
2  8 4      11       1          2  3      365043      86    1        3          
    0        9 5     9     0    21 3 1    5         91     3 0 6  8       9  6  
3     8 6      3   721   6          7    6    6     5 0           2   2         
    2 827  1    13            66         8 3         6   0  1   16      6     8 
    60    55 817  0     3      1    2        9          46    2 5           1   
     5   28    3  0          0          4         53   27  6             2   5 7
   0   9      0 6184    883          6  3          6 1  0          80      9    
            2 3               59           490  8    2   2 2       5 5          
       9             7            8   5     6     2 2          9     8 55 2     
     1    1         6 4   2 36    35   5 81      81     4        9  7   6       
       6 6   9 6   24             6         6  86    0  7 1        5 8          
0     2      5        71            4                                 4  7      
     9         6     3    9   861      887 0         2  3  5      6 3     2  4  
   2       8                            2      5 3       1      2114   9        
 1       5     8 0         0          4            5 05  7 4                   8
   5                   8 0  96    5       60     4        5   1 7      1        
 4 4    98     4689           4     46 3   6      3    8       7               5
8         7   8  6 57     2    0  95  2   0       91    2 0 8  7 5 7      8 9 1 
         2     8 7  1 5               9        2    9  3  6 1   98         6    
           554    3423    0   7 30     60 2  0    99 4  6  5 2              2   
4 41 65   4               0  3     0              8      3   37  4 5   0      3 
 9       86   0 0 9   6  4  2             8          6 9 7       3     6 0      
         1 7 67   3 18                     12 0  1 9       3 0         7 3      
1  1                5        0 3       9          5     1   7      0 5   7 7    
29 20         25  2  8   0     2                9  5          7   70            
6  3          1   6              2   6 9        6 8  0  2                       
  5   9      9       3               0                          20    7    3  76
    0  5   7 2  8       4     2  386    5      1         4     9  2          6  
     6         7   1            8 4   1 1 1  296           0  44     64  5      
 9            16   1  1      91   1  0  9  8     6 2 7   6  4           7   48 5
                  25          2    75  0    95    5  7 9     3   4     4  20    
    4  1  5      4 2       3 1   43    023      0   6   1  93             6     
  2 854           9   1 7      2     7       2      4        9     52 6 3 0     
   0      79 9  6  2     7    56 5118 4   0      7     9    24        3 2  2    
0                   5  7     0           9  1        9    4       2   50  9   64
       5  0 5    0 7        5 1 3           8  9            120     8 5  1     7
7    5    2   7 4 5 6     7 7     6    6     9    640 4          1 5        7   
7              6    899   9    27       4     30  0    8407 7 35 5  8 6     7 93
    0         540    7  2             9  66 6      2   2     3 7  3   9         
     133              4  7    2   64   6   38               8    7         213 4
4 9 1 2    6    6      9 01  8         01     1 4   0 2  18 6             33    
 9    8   6   6   24  2            8  7          5       9   7   9 1 18         
    43  4     3                  5    5  5        6      1      5             2 
             5         1   0   4609 3 9 53      4    21   1      8   2 1        
  9              4              053     6  2   22  74  8           9  5      7  
 56          9 66         6   1  3   9  7        8   9  848  8    44       32  5
 5         2            6       1  6      3  553   664  2      3      3   7  9 3
    3        7   3 0  7         7   4 4   4            76  03    0     8     0 9
8      5        1 1   84  7 2    4     5  1   3 6   2  6  5        09    3   366
                1  4  8   0        7    27   0   3   8  56              03      
        5    7     3     2    3   6  1  4     3 3498               6     3 0 8  
     1 9             7    4 4 4  37   2  2 0                5     43 46     40  
   9   2 5       9           499          3   8 7       7       9      6  1 89  
 2 2            1 393  7       3   8  1  4  7   3     6    82    41 7  6   1 2  
         6         9    0 19               51 0    4      3          7    46 5  
5   4   0 1  4    4              2   8      3 77      2 49    8     7    01   9 
4 6       96  3   381      0             6   02   9   0   2        27          0
     7   5    9         1        5216 6 5         5   4       1       37  55    
