 0 529    6          4       9    6          7   65  6 9  85     7 0       5 1  
  8    5     9   6     180    9        61  76            69   5  6         1    
     5  1 5     0     9             43      14                 6                
             5 07       6         1                 9   9    0   8  4        3  
  0      0  1     4   0 6                 92   8    59 1     8      29   6   1  
   1       4     0 01           2 94  5      3 6    16            85     7      
        8 3                 2   9    2 0   86    19   51  1  0   3    2   5 283 
 1    97            8  7 501  2 7   1 56 9  1              6          2 1    42 
              5    49 2           3    4  19 209   2 1    5 9    7    4         
        9  5 8402   0        8  843       6   26  5     8           1   4     3 
890       8     7     3       6         4  3      7   6    0     042 9  20     5
0      8    6  3     4  3    67  84    8                  1 8      3      7     
71          5                   0         151 4   4      364     9           6  
    0 15      3             0            9      1     1      4     8      2   3 
 3 5          5         5 4  9 6     4     9  9    8  6       8  1  6    1    69
    1        1      3            9    8       7    0       9 1        4  0     6
            0 7  4        0    0  7    0   5        48       6     01  2      6 
   3 45    36   9   6  1                              7           9 9          1
     4 369   3  8    2   8    8   3           8   8    912  1     0        9    
 2 80      5 1     8             14  84   53    9      3 7  2 1  7       4      
 48      969    4      08     5         2  52 6        4 1    2   3   1   3  238
8     2                71  9     0              5 54  20      9 5   77 9  6  3  
   37      7  7         1  3  8           2                 4  0 5            7 
              75          9     8  05 0      00       0      5931       4 2  4 6
            6       3                  4  1  2    6        2  68        1     50
       3 9      7            0      5 6   0 8    0    8      5 4    3           
  4   2    8      66               8      3    8   25    1                   0  
     0 54    4 8  0    3        2      334     69  2    78  3 1  5 5   5    4 1 
          5     3     9    9     75    4     43      8   8       2  58 6    180 
5   3                21                                     92         5     5  
      4    7   57         4   5   63   7       3        4     10                
3      4 49 4      3       5        3  2     3  2         1             8 6    4
       1 6  0   2      2      4       5   8       8   9     7 39   7       63   
   49 3 8    7           3     4            3       8   2 4 4             666   
    6      2     9            3   8       6 1   7    6  966          508        
    7       024   424               4    89  41      5        1    2  9    9   3
1  937     5       6  4     478  1    5  3      0   8    6   5 9   4  0   0     
   8      89 0       3              3     07      6    9   1     331 0          
  6    8      5  0   0       9  6          42        2   5 33      1       3    
  64 2  288       4  8  3 1                    3      3                     79 3
    23    0   952  7   2    9          49  3          3       2        3  7     
8  5       7 8      1  53 5 7  4           63           5  7       83  29873 5 6
4                 0        63 1   27    8              0 5        1  6 8   6  8 
  8   5       8            1                 4       2 8               1        
   60      8    3                 5  8 9           2   3       5     7    9     
  6  9         98  9       5 1      5 1 6   3      7                       5    
       6 8 9 6         3       1     5 58      6   0  7   2    3 3        47    
 24      1    4   8         56    8   38 3     0 0                 3   6 1   41 
  8                       3     3 1    37         2        78                 9 
7     4 8  2      3    6      4    7        69   0   2                      1   
 9   6       9 90           9         2            1           3    5     362 9 
6      7         9        76  3       35 7         44     0         8           
         0 7      0       1 9   2       9 6     5 2  3       976 8     2   7  79
    71   7   1              7        6 3        9  7    0      9          7 7  1
9    0 9    6 5     5 5          4    1   1                   1   6  2   0    1 
  3 0  06 13    64      5        3      6         9 8 9 2            7  73  54 2
0 1 0 9        1     7 8  3       66  013       1          6  07          3  3  
    88            9     2  3   04     0         1                 9      3      
      9      9 5      2    7 2 6 62 04       4     98      2           8        
 6    3  2 88    1    3  287 3           0    1   6  7       7   6    0    8    
