5    1 4490       2 13 764           3715    597512      091 6 4 811    70 7    
   47 42 3   8  3   1 34 1 9  98   1 5 7 52 2  2 6  75  4   44    1    3 7  2   
       741   2    4 17 37 2268      48    1933991394  3  0 4 1 7878  8 7 6  8 60
    456     553418  80 21            6  96  1   7     7 8  2  2  53   9 90 8 49 
4 55     2 69 3 8   032     6     5 1  0 1       2    01 9 1910 7  5  3    1  7 
 9    06 03 30 68     2647    1 37      9 8 048788    5  10  1 2 7  37  2    1 0
 8  9   9   8  48       07 32  3   7 29  948 4 689 0 545  434 81 34   52 60  44 
 0  8427                74   250  9 4 0   53 8 5 47 5558049  3  796  6       551
8  57  89 2   9          24 00  3      7 0      0 22  5    9  3    5      32    
    395           2786792  7  85 72 27  2   4 6  85 2 42832  7 9  021   7     26
 4  1 8  07  3   3  7 9  1      0 9 3 26    5     99 9096 5   07 088 0      0   
8    4  00 478 969    9  260    80    2268 8 4516      42 2    9 9         7 1 8
    56 546433  0107 15 98 5    2 59    7   5289    4 3  10      4  8     5    94
04  4  1  1    2 377  5 3 2    5      87    1      19  59  1 8   2 16 872  4 33 
4 5 4   25   7793  4 44 8  1 79 1   454   327 8 3   7     20    34 8 2 785    35
      3  0 64 6 99 6      4  42 1         3   2    8  5 2 759   19  91   8 85  0
 60 3 7    9     40  9 5  2    8   040 94 1 06  39      2560    9  4 10  1 3 739
   685          5 6  5 6  4  517   2     249 1   3501   03 9    8  3 6      9   
 44      12   3  5 35      3 4 3 8 8  59 4 3  6    9 8      9 1045 52  545 1 060
      75 3 8 2         3 1 7  9 76  594 0 4 8 8578  39 3     268  54 70877  5   
    1   2 9 16 1    07 8  4   6 6 4 2 26   8        4 3 8   0 4  3  57   2  0  1
 5 6   7   8 5      95  7 467   7 8   06 122       3  6  9         66  6 62 5  6
9 17 16 4   6 0 8079  0   5   3  27 23  9 2 6 9 7  6   9     9 8        0   1 0 
3500    97       2   26  30 3  055 8   70   3  4 9 9   7      17 02 7 0 5    0 5
  0 33 422 68   4 9  90  942    68608023 2 056   3              4  5 9  8 9    8
1  3 9 74   53 2 4  90483 7    9  5   0 45617 65  367 6832  5  19   9   5 9437 6
  3117 69 3   2 00  6 94   15       9 45  11 6 471      5 17  46 12  6  43 6 139
5  86 5945  7   6 5  2  34    9 71  7658         36  6 1   3 7 7  8 4   2  4 99 
 623   1836 60    6  1    1   3 1 25 4 0    4       9  8    5  5   2 090   4  66
 26      47 81 5540     2   4          4   9  23 1    1  56     84 9  9 129 95  
062   9100  3       0  0     9 37  0  084  8  55 7 49  3  51      14  22    0   
      9  54     4      3 9 8 38 4   2 63  4  06  3 5    55      4 4   0       2 
 66    82 9 02960 37 5    03 61  25  48 8    6    043       0  1   6 5   7  1609
 66 969777 76    5   29   9         0      0 9 29  832     14  6   1 9    5  67 
   36   10  16 9 260   9 86 2  3  312   7   4 0 0233   8 6 3      7    65 0 4   
     211  843    95 9324 8 7 25009  7   2  8     5    1 6   4558  974     4  262
  1 1 8  655  13 20 578 3  9  030 4   6    0 395651  3 3 60 82       2975  8975 
      75029    446 4  15 4 1 9      1   6  64 2    56  6   56   1   3 6  3 02936
   4   45 398  22  18 35   32 40  6 40 0 9  4  0  5 3    4  6   4 0  2    6   6 
       1  2    0       9    05    70   2  5       5 7     3 5     03     0 3 1  
    024   4316 3  4    5  90 8  5        169 1 191  64     46 8  8    8 0   3  0
 5 03983 6 0     8201 60 2    3 9  840  1   51 14  50    95    4  1 90 23 56 63 
2   6   0 1   10185    6  8           8 1    2  6   8       7 0   6     47  3 0 
 2  46  32  5 24 9 57 5 11 4 8   1 0   11 7 173 6    1 31341356  5   3 50    4 4
   7   3       1    1 8  067366   8     422   0   7   2  5  9 194  9     6   99 
    95 38233 2        12     70 5 9    562    05   52  6 95  8 6416    62   462 
      52 80 3  2   59 3   59  4     2      55   6   86  252  806039 25  2 7   1 
 111 12 7   183  0  7 2   2 3 5 71    3    035 2   1 11398  9   6111     07 2  0
   0  3 4097  4 2  9  5   1  293   22  1 3  9 31    4       0 0 6 529    9 0  9 
 4      1  3  18 4 104  59   15  9571 6826  9  0  8 49   7 57 5    4 97 1     70
  981 0821  9   03   98     7       1766 8 08  1    2   1    3 5    9   39   1 7
0 2 45 5 2   8  2 98   4900  0    3       6   7 953  9 2 0 43   9  26 93 2     7
6    4 8 0 95    22 9    6 5 4  0   38 87   3   1     7   6   5 5    2      4   
9     6   6  0         8 785  73    3 0  840 089 393912 1  9 72  42        26   
04     38    7  50 9 97   0 395 390 8  43  1 289      7          1  98 5 08     
  1 8  33229 31 8216  511 1    5      7 94 22       0  03  94  4 09    26 0 569 
   7 76 0   5   8   75 1   6 27    7  0     1250 1    5 14 57 12 7  1 8 6  0  27
      015 3 49 1 0 93 6 9  9      13   3     1 6  32 0 9     7  20 631    9    5
62    8 387    38 91 490  1  920       763 5  9  59 1554 50 7 6  85      0 1 9  
   3382 215207  4 6647     15821  3   92   8 2   5     38 2  12     04    048  0
