 0        1  1   10                0    1   0  0        1    0    0     01  11  
0    1      011     1  1  00   1   11       0     00   1       0      01  1     
      0      1    1  0 1   1   1    11    1                0   01          11   
             1         0        0         0  1    1            1             10 
 01                   0          0       0  1    1    0  1 1   0    11         1
     0   1       1   1          0  0          00  1           0 1           0   
0     0     0  1          1      11   0   1    1 0   1  0 0  1 1         0      
   0 1      0   0     0      1     0    1 1  1     1                  1 001     
        0 11             0 0   1                    0    1                1 0   
 0            100   0   10         0   00   1    0           0 0  0             
          0       1   0  1 1 0 11   101    0   1               10  0    1  00  0
          0    1      1   101  1      0          0    0       1        0     111
1  0          0 10   00  1  110   0   11   1    110     0 1  001   1  0  1      
0        0       0      1          0 1   0  0    1     0     1 0    0 1         
 1            1  1 1          11                 1   1     1           0     1  
       101   0      1      1 0   0  1 1               0  1 1      0 01        0 
   1  0      000    1 0  11   01  1          0 1        0 10 1  1    1          
  10       0   0 1 0  1        1  01              0    11   0  11 0          0  
      0  1    0    10      0       1 111     0      1      10      1  1 1       
00             01                         0 0     00   0                     0 0
   1        0  1         1                   0  0  1   1      01   0         0 1
   100 0        1                 0   1    1 0        0     0              0    
  0  1     1 1   1  0           1  1 0    1  0 1  00                1  11 11    
1 11  1        00        1     00   10110 01   1   0  1    1   1 0  0      0    
   0  1 1   0     1 1         0    0  1  0           1         0     11      0  
  0                       1            0 1      0 0        11 1   111     1     
   1  1          0        1  111 0       0  01 1    11 1 00 1 1   0    1  1 0   
          0   1     0        00     1  1  0        1       0       0  1 1       
   11        1             11   10   0  1   10           0     1 1              
          10        1               0     00   0  1      1   11    110          
              1                            1          1   11      00     0      
           1              100            0   0       1   1  1      0      0   0 
0 0      0  0   111    1     0110   11     0        1    1   01      0     0 1  
   0       01        0    1 1    1           00  01          00   1 01   1      
         0            1  0   1    1       1        0       0            1       
0  1    0         0    00   0        0      1  1   1 10     1  10          1 11 
    00         0  0         0    0  0            1      1  0 1    1     0 0     
11000  1    0 1        1     101                1  1                  1         
        0 1     1            0 0   0     1           0    1   11    1  0 1      
     1      01              0             0  1                       1  0 01    
 1    0    0 0            11  00    0    0      0 1      0  00       1 1  1 1   
       0        100  1 1     1 0        1 0    1   1      00           0  1     
   00         0          1    1     1        00    10 1    0     00      0      
          1         1   0           0   0   1         0 1  1  1 11      0 1 01  
 0     001      1 1 00            10 0      00    1   0    1    0  1 0  0       
  0   0 1 1   01   0     0 0     0    01    0 0 0    1        1          11     
0   10    00      1   0   0  0   10   1     1   01   0    1   1   1      1      
    1 0    1      1    1 1          0             0 0           1 1   1      0 0
1 1 0 0     1        1  1  0  0 1      1 1     1    0    10  1       11         
 0 0    1   0 0  1   0 0       1  1          1  1 1110 1 01   0 0      1    1001
                            0     00  1 000   1 01    1      1    10 1       1  
     1    1  01          0      1               1   0     1            11       
                            01 00       0        0  1 01 11        1  1  1  1   
    1 0  0100 0    0     0  0         10 1 0               1         1       0 0
1   1    1   10 1             0     1101               10         0      0      
 1    01   1     000   0  0  110  1 10        1           0        1            
0        1      0              111                    1                         
 01     1              1       1   0    1         0     0  0         0  0       
 0      0 0 1 1   1 0    0    1   10 0   1   1   10     10  0      1   1       1
         11    1     1    1          1      0  0  0 0    0  0                   
