                    476      8            8                       7 96          
 5        9          1     7  0          4       71          70       40      8 
  9 3  17 2  6      30  8   8   7     67   9       9      1 0 4  5    4 9      9
 0     7 330       4  8 10       2     42     17   7 1           4 3        7   
 1     50         2          42        05        3 2      611       2 9    3 4  
00 241  9  6       0 0     76   95      5 9               5  6    6     8  27   
  6       8    5  6            7  1 2                2           3 7 6 446 6 9  
   6 2      8       9 2  4    73  4 2  05   9    7      6   6     0  82   54812 
  8   7 1    1 7   4    1     5    4 2 0 1                       6    2     8   
2                  6    6       7  1 1       5       1    07        2   2       
   9079       8 45       1 40    2 4  8    0     7   0    2                     
       6       03 10        835        13    8      9  23    2  1      6    0   
      1  1 5  1   0 4 2  1 6    8      3   3        8    4          8           
   9            5  4              6  9   0 6   043              2         3  5  
      3  31    6  7  81           8    4   80 1      8        3   9         987 
            7   44   4 8   12  7  1     3     62  4   54  03    0     7      9  
   21    86   9 909        62     3  8   25       96            7  7  2      4  
4 6  9     7        4            1  543    9  9 0                    3     0    
 0 338     4  2        09        3      9  8        0              2        7   
    33  33 22  6   4        0          3          17    8   8  1    4   7    6  
          1    951        6    7 1           3  3       64     9    2      4 62 
    0      67    6           7          2 9 7    5                       09     
     8   3 3      1       5   95                     3  64 4 4  7  7 1   3      
  95 9   4    26               6          4  9  8  4  3  1            5        5
   9 1            528   2 22       06      7  93 0     6    6      7         9  
            5        97          63    62 4    4         4   5   7  4   19  7  6
 9   9 9 9    8  7         4  0  9  8 5 7 77    2    2 2  5    6      8  99  8  
       6  2   8  686   7 1  16           3  2     08  5  7   4   55   1  76     
3   4        9      3    3   56 8 2       0  2        0              3     84  7
 0  54        54       8   0     9  5  8 2          6 3 8       8               
3                  4             4 7    7      7     4 2   0      6     6       
       3  5 9       1 0       76      51   473   4   5 36    5   3      6   1 7 
 7   8      0 2     10           0        8      4    64     8   88   7      65 
       6 2 6  4            2    0 5   32   24 1        1 2 7          0         
     2  927                   4     35    4             9           8     6     
00   1 3  1 7    069 4      6     73   4948         7                35   68    
   2 52   77         7  5         5           3  7   7 3         40  1    9   8 
     6     37  0  2 31        6          5  9    9407  5 0   9       5    9 5   
              8        2    2    5         4 007   6 6                    1     
 9     1 1     1   87     7 9 8         6              5                8    73 
   1       0    4 9                   9        53 2                  1          
 9  9  1      3    4     9  3    7        1          7   4     1                
 2    7    42              147   9   8 944 581  7                 0    8        
1         1    7 5     5   8  0      2     5      7         4               8   
31 5       0  6 2    2   56 62     8          6      0 0    7 3990   3 5        
  16 9         17      4        91    5       2 6    9    3          39         
   3 7  5 4    5919     6     6        7  34 2  6    10 6     09 00 3 6   1 8   
      06   6   4       4  1                   7       3    3    4             06
   9  7  9        26  8  4   8          93   8   1  56    2 1 7            8    
     0  6 2  2    0        3  4    9  4 8   0 3         4   3   258     47   4  
 0   0   7                7                     6         9   94        8 2     
      8  3               151 9     42   15  6               7 48 0   22     7   
      9 75         94   8  40     3 73  8   8                      3    6       
      2  7  1   6              3         6    9 3   1     0         6   8 8    1
 93    1 0   2    9           0      9670     1   2          4  1    4 9  2     
6   2 1     6          8  1 1  9       25        1   6     2  17             1  
       88  9     38       7    8               1   9 0    7       4      8 24   
1  990        5     0 2       11          5                 6 4      9          
5 5         9   1       130        47 1   3  2  9 2 4      44       68     0    
46 5         2        9       7 87 81  5      8         6   3       7          5
