10 00  1  001  0 1 0 1001 1  01 0 011 101    0   01   1  1   1 1111   1 1 0 1   
1  1  0   1         11 01   0  0 10  0    0        0 1 1     0  0 0 0         1 
1   00  0 0 1 1 01 0 11 1  00    11001100   1     00 0 0 1 1      0 00 11   1 1 
     01  11000011         0    001 0  011   1 0 0 0 0000001001 0  1 1  1   1 0 1
  11    1  100100 0101    1 1011   0 1 1 10 0 1101    1  1011  00   001 1       
   1   0  0   00 1  11 0 0  0 0   1     01         1    1  11  0  1 000 1 1 01  
 01 0 01  0  11   11    111   100 0  0   1 010 0 10 1 1 001  0 1  1  0 11 00 10 
0   10  0 001   1 1        1110 0  011 1 0  0 11000  0    00 01  00 1011  0 010 
1     0 1 11 1    000    0   0 110 010 1 1      0 11  1 1 001   1 11 1  0 01 001
 0   00 01 0  101  0101   110 10   1 0 00 00 1 0 10  0  1 001100  0    100   00 
 100 1  1101          010  00  00     1   11101  0   100  110 0 00 00  1  1 1  1
 00 0  11 0  11      01 00  0 110 0 0  0   0 0  010 00  010 10 1 0  0  1  0 010 
 000 11  0 1 1    00   01   1 1 0   1111    0101 00100   0 1 00 0 1 1 00 00  011
 0 1010 0 1    11110  00   01011 011 1      0  1 00 011001 1  11 110 1 1  000   
  11 0 1 11  1011  0   00    0    1101 011  010 0000  1  10 11 1 01   0 1  1  0 
1 011 1  11000011 0011    00110 00  0   0  1 000 0    11      0011  01  10  1   
 1   10 101 00  0    1110 1  00 10   000  0    0 100  000  01  10  0 10   10001 
1   0 001   00 011  00 1 1 00 11 0 0 1     0 1   1  1  0100011 1 0 1 0  10  0 00
 0 0  1  1  1 0 0010 10 0 00101    0 1 0 0111  0  0    0    0001 0   1  0     01
1  1 0  10 00   0  0  0   011 01    1   0  00    10 1 1011   0 0 0  0 0 0 1  1  
1  111   0  100 1 101   11 0  1   000   100  1 1   1 0 10 1  0  1   11 001      
11 0 11  110       1 1  1 10    0   1  01 1 001   0   0 0 111  1   111   0 1 0 1
   000 011    10 1     0   1     0  01   00  00     01 11   0       0  0 0  01  
 1 0  01 0  011 1 101 10  10 0 1111  000 001 101 1  001  0  1  101 000011 1   00
    1   10 0 0    1110 11  01 01 0  01   100 1     110   11010   111  0  1   1  
 1 010     1 111  0 1  010   01   1001    10  01   01 0  1 0  1001          0 1 
00  1   00001011   1010 011101 0 1  1   0  1 11  10 1 0001 11  0 11 0   100000 0
  0 10  1  0 0 11    0  0 1    10 00 1     0 1    1011 1 0     0111011      1 1 
      111 010 00  00 1 10 11  010        01 0  101 1   0  0   0 1 0     1 10  1 
 1 1 1 0011   0  1 0 1  100      01 1010 0 1   0  101  11  1 100111 1 0 111010 0
1      11 00 00010  110    0 01011 0   101 00   00 0  0  0 0  1      1 010110   
1  10 1 10100  1 010 1  00 1  0  11111 000 1    1  01 1 011 10 11  01     0 1111
01 0 10   11 0 00  1       0      1   0 1  1 110  0 00110 0 1 110 011 1 01      
11  0   00  1 1 1 10 10 0  0  1   0100 1     010 00 1 1110  0   001 111  11 10  
   0 01 0 1    00 1     1 1    1 110001        0  11  010 1 11 011 100 1   110  
10 1010  00111   00 0  111 0 1 1010 1   00     1  1101 1   00 11      10 01     
  0   1    0 111    0   0 00   1  100    0  0    0 100 0  0    0 1 1100    1 1  
  1 1   11 0  1 00  0 1 01011 000 0 00 0  00 111  1   1  1 1 0 01  111   1  0   
1 0 0 0  1100  0 1 10101   01    10101  1  0 10  1     110  10 01 00001 1   0 1 
0 0    110   0 101 00  1111100100100101 00   000 00 101 0   1  10 1111          
1 0101  1  101     0 11  1   0  1001011 010  11  0 0 1110  0 1   1 011 010 0  01
  0 11  01   0    1 1   000 001 0   0 000  0         1  011 11 000   0 0  0 00  
01 00  000   00   11 0  1 11 10 11 1  0  1 1   01 0 01  1 00101   0 1010 01 0 1 
10 0011 000    10  1      10 1   1    1 0   11     1 0    1 0000 10    00 001  0
10 1 011 001  10      0 0   1 010      011  110  0 0 0 0  0  11 00  01 0   100  
  00101010011 00   10 10  00   1 0   000   01000    100 11 11 0  1  110   11 1  
 0 1  11  1 0  0  1  01  0011  1      01   0 1  0 01 11      01 11 1      0   1 
1 10 0 1     0  0  11 01   010 0110      11   0 11    0  0   00 1  0      0010  
  1 1      10    000 110   0 00  010110     0 001 00  00 1 0     1     10 0 0   
11110  0  1 0       1  000  1 111     1  1010    000 0     000 00 000    000    
 11   1  11  0011 1 001 00   1  0  1011 10    0  0011      1 101 011       0 0  
1    11     1   00   0 000 11010 1       01  10 01 0  1 0  0 001 1 0   11 100 0 
 11  1  0000   001 1    1001 010  0 0 0111 10101 1 0        0       0  1    1   
10 00  1110 1 1101      10 10  00   11      0 1 10  0 01 111   11 1 01 1001 0  0
 0 00  0  1 00   0    1  1 1    1   1  11011  00  000 1011 11 0  0 1  1  1  1 00
11  000  0     001101  01000 10 0     1  1  0 1 0 1 1 0 10111 001   1   1    1  
 0      01  0 1   101 110 1 0 10    10  11 1 0   1 0101010 1   10 00 1 00   1 1 
 10 1   1 1 0 10011   00101  11  1      1     0     1    1 1  1     0 11001   0 
00 0 0     11   1 1 0 00    0    1  1 00 0 0  0   1    1011101 010    1 1  100 1
1 001  1   1 0 1   1 10        001 100 1  001 1 10   0 1  00 0     0    1 1 00  
