       0        1                 1  1  1 0    0           1        1           
0 1    1   0    1   1       1  0     0     1 0  1   1 1  0 1  00      1  1      
          0    0                     0           0           1  1       0    1  
     1      0                        1          1 0                            0
      1         0              10   1  0    1        0  1       1  10    1      
 0                  1  0            10  1        0 1          0               1 
 0        1      0  0     0       1      0                1   1   1           0 
    1 0     1  0             0   1 1   1 1 1                            0     0 
01   1     001 0        1   0     0  1       0 0 0   0  0         0             
   0   0    1  01     0  0       00      1    1 0                        1      
 1    01   0                  01   0           1    0  0   1      1             
 1 1     1    1  1       01                0             1     01  1       0    
    0   0 11 0              0           0    0       0        0    0      0     
 0 1                   1            1           0          0    10    01 0      
          1 0   0    0      10  1        0      1            0       1 1     1  
           1 1             001 1 1              0    1  1   0  1 1   0       1  
                 0              0          1  11 1 1      0             0       
     0        0  1           1  1      1 1         00         01      1         
  1        1       0 0         1     1   1 01  0         1           1  1       
 10 1   0   0    0       1 0          1   0              11    0  0 0           
      0  0   0  0 1         0                       1  1                        
 0 11   1           1   1 1          0   01      1  1  1        1  0            
  0          11     1 1         0    1  1        1 0   1     0                  
   10 0          1     0          1 0                            01             
0        1     1  0 1                         1   01    1  00 1       0     11 0
  0   1    0 1     1                    1       1  0                 0 1  0     
                 1 1                01   0            1 0 0           00        
1       1                            01   0                 0      0    0       
          1     00         1    0 1   1   0      00    0    1                   
 1  0  1    0          1         00                  0  0 0 0    0         0    
               0  0 1  1           1         0 0       0         0              
 0 110   1     0    00      01        110         0   0             0        1  
01    0       01      0 0   1 0 0 10  0    0                       1       0    
01 1  0                            1 0    0     11            1           0     
    1 1 00            1    0                1 1    1    0         0 1       1  1
         0           0        0  1 1      0     1  1          0     1           
              00                     0            0      0        10    100     
          0    0   1            0      1 0          10   0 0  1  1     0        
       1  1  1 0                           1  0   1     0 0       0   0         
0 1 1      1                   1      0  1              0   1          0    00  
  0       1   1 0            1      0            0           1  1         10    
  1    1   1                      10      1        1               0            
 1            10                    0       1            0           1          
  1 0    1 00   1     1   11  0      0          0    1                   0 1    
  1  0       0    1                   1         0                               
    1          0  0               0      0      1           010     0   0       
  00 1  1         10   1    0        100       0     1             1 01       11
           0            00  0     1  1  0   1  0           1     1 0  0     1   
 1  1          1    1 1    0    01             01  1    0     0     0 10        
 01  0      0            1          1                  1                0       
               1 1  0          0             10  01 0    0          1        1  
     1     0  0101     1    11    1         0  0  0      0 0   1       0        
      1     1    1 0 0   1                                       1 1     1 0    
 01    0           0            1   0       0         1 0               1  1    
        11   0  0   10      0  0   1 0 1        0  1    0   1    0          11  
            1              1    1   1   1 1     1     0 00   0   0     10       
   0 1  0            1                 1   1              0  1     0       0111 
    0     1  0                         0 00       1    0                 1      
 0  1               0      00                 0           11                  0 
         0   0  1   100  1      0 100  1 1  0 11 1 0    1 1 1            0      
